level 0
width 7
height 8
objects
0 0.498 0.497
1 0.773 0.213
2 0.214 0.342
3 0.74 0.78
4 0.309 0.79
5 0.214 0.692
6 0.784 0.322
7 0.253 0.209
8 0.763 0.631
links
1 0
2 1
2 0
3 0
4 3
4 0
5 0
6 5
6 0
7 0
8 7
8 0
result
0 0.498 0.497
1 0.253 0.209
2 0.773 0.213
3 0.784 0.322
4 0.763 0.631
5 0.74 0.78
6 0.309 0.79
7 0.214 0.692
8 0.214 0.342
end level

level 1
width 7
height 8
objects
0 0.765 0.251
1 0.153 0.35
2 0.846 0.571
3 0.633 0.42
4 0.312 0.586
5 0.484 0.332
6 0.171 0.706
7 0.327 0.425
8 0.571 0.829
9 0.394 0.171
10 0.658 0.571
11 0.491 0.671
links
1 0
2 1
3 2
4 3
5 4
5 0
7 6
8 7
9 8
10 9
11 10
11 6
4 8
3 9
2 10
11 1
0 6
5 7
result
0 0.327 0.425
1 0.312 0.586
2 0.491 0.671
3 0.658 0.571
4 0.633 0.42
5 0.484 0.332
6 0.153 0.35
7 0.394 0.171
8 0.765 0.251
9 0.846 0.571
10 0.571 0.829
11 0.171 0.706
end level

level 2
width 7
height 8
objects
0 0.638 0.624
1 0.504 0.432
2 0.814 0.617
3 0.362 0.628
4 0.183 0.62
5 0.483 0.165
6 0.199 0.834
7 0.816 0.829
links
1 0
2 0
1 3
4 3
5 4
2 6
3 6
7 3
7 6
6 5
result
0 0.483 0.165
1 0.183 0.62
2 0.814 0.617
3 0.362 0.628
4 0.199 0.834
5 0.816 0.829
6 0.638 0.624
7 0.504 0.432
end level

level 3
width 7
height 8
objects
0 0.484 0.139
1 0.206 0.501
2 0.501 0.316
3 0.525 0.861
4 0.666 0.512
5 0.581 0.512
6 0.505 0.431
7 0.525 0.583
8 0.522 0.687
9 0.794 0.509
10 0.468 0.512
11 0.37 0.502
links
1 0
2 1
3 2
3 0
4 1
5 4
6 5
7 6
7 4
8 6
9 8
10 9
11 10
11 8
result
0 0.484 0.139
1 0.206 0.501
2 0.525 0.861
3 0.794 0.509
4 0.37 0.502
5 0.501 0.316
6 0.666 0.512
7 0.522 0.687
8 0.581 0.512
9 0.505 0.431
10 0.468 0.512
11 0.525 0.583
end level

level 4
width 7
height 8
objects
0 0.382 0.378
1 0.527 0.916
2 0.794 0.506
3 0.46 0.576
4 0.509 0.278
5 0.642 0.394
6 0.225 0.521
7 0.574 0.567
8 0.927 0.521
9 0.529 0.761
10 0.582 0.458
11 0.512 0.083
12 0.38 0.633
13 0.655 0.627
14 0.464 0.462
15 0.072 0.511
links
1 0
2 1
3 2
4 3
5 4
6 5
7 6
7 0
8 0
9 8
10 9
11 10
12 11
12 8
13 12
14 13
15 14
15 8
result
0 0.382 0.378
1 0.072 0.511
2 0.38 0.633
3 0.527 0.916
4 0.655 0.627
5 0.927 0.521
6 0.642 0.394
7 0.512 0.083
8 0.464 0.462
9 0.509 0.278
10 0.582 0.458
11 0.794 0.506
12 0.574 0.567
13 0.529 0.761
14 0.46 0.576
15 0.225 0.521
end level

level 5
width 8
height 9
objects
0 0.603 0.844
1 0.486 0.396
2 0.903 0.5
3 0.718 0.648
4 0.34 0.166
5 0.334 0.331
6 0.601 0.446
7 0.834 0.736
8 0.205 0.488
9 0.565 0.156
10 0.336 0.721
11 0.113 0.669
12 0.18 0.302
13 0.234 0.627
14 0.782 0.47
15 0.097 0.476
16 0.627 0.545
17 0.43 0.635
18 0.344 0.553
19 0.385 0.454
20 0.272 0.814
21 0.521 0.272
22 0.827 0.265
23 0.544 0.619
24 0.59 0.745
25 0.715 0.332
links
1 0
2 1
3 2
4 3
5 4
6 5
7 6
8 7
9 8
9 0
11 10
12 11
13 12
14 13
15 14
16 15
17 16
18 17
18 10
20 19
21 20
22 21
23 22
24 23
25 24
25 19
25 17
17 8
19 10
10 1
21 12
12 3
23 15
15 6
result
0 0.097 0.476
1 0.113 0.669
2 0.272 0.814
3 0.603 0.844
4 0.834 0.736
5 0.903 0.5
6 0.827 0.265
7 0.565 0.156
8 0.34 0.166
9 0.18 0.302
10 0.205 0.488
11 0.234 0.627
12 0.336 0.721
13 0.59 0.745
14 0.718 0.648
15 0.782 0.47
16 0.715 0.332
17 0.521 0.272
18 0.334 0.331
19 0.385 0.454
20 0.344 0.553
21 0.43 0.635
22 0.544 0.619
23 0.627 0.545
24 0.601 0.446
25 0.486 0.396
end level

level 6
width 8
height 9
objects
0 0.651 0.8
1 0.83 0.425
2 0.292 0.225
3 0.687 0.454
4 0.424 0.677
5 0.787 0.192
6 0.392 0.415
7 0.17 0.752
8 0.478 0.284
9 0.426 0.929
10 0.145 0.462
11 0.422 0.768
12 0.855 0.545
13 0.747 0.898
14 0.572 0.07
15 0.207 0.374
16 0.341 0.527
17 0.503 0.551
18 0.633 0.32
19 0.646 0.639
20 0.56 0.448
links
1 0
2 1
3 2
4 3
5 4
6 5
7 6
8 7
8 0
10 9
11 10
12 11
13 12
14 13
15 14
16 15
17 16
18 17
18 9
19 7
19 1
20 19
20 6
6 4
13 17
17 10
result
0 0.145 0.462
1 0.17 0.752
2 0.426 0.929
3 0.747 0.898
4 0.855 0.545
5 0.687 0.454
6 0.646 0.639
7 0.424 0.677
8 0.341 0.527
9 0.207 0.374
10 0.392 0.415
11 0.503 0.551
12 0.56 0.448
13 0.633 0.32
14 0.83 0.425
15 0.787 0.192
16 0.572 0.07
17 0.478 0.284
18 0.292 0.225
19 0.422 0.768
20 0.651 0.8
end level

level 7
width 8
height 10
objects
0 0.137 0.951
1 0.22 0.367
2 0.125 0.7
3 0.417 0.848
4 0.536 0.185
5 0.329 0.199
6 0.48 0.243
7 0.71 0.54
8 0.549 0.084
9 0.434 0.318
10 0.636 0.309
11 0.125 0.209
12 0.671 0.048
13 0.821 0.374
14 0.873 0.535
15 0.664 0.218
16 0.396 0.396
17 0.196 0.864
18 0.727 0.149
19 0.436 0.481
20 0.546 0.461
21 0.61 0.391
links
1 0
2 1
3 2
4 3
4 0
5 1
5 3
6 5
6 0
6 4
7 0
8 7
9 8
10 9
10 0
11 10
11 4
12 11
13 12
14 13
14 4
15 11
16 15
16 10
18 17
19 18
19 20
15 20
17 21
16 21
20 21
result
0 0.396 0.396
1 0.125 0.7
2 0.137 0.951
3 0.417 0.848
4 0.546 0.461
5 0.196 0.864
6 0.436 0.481
7 0.22 0.367
8 0.125 0.209
9 0.329 0.199
10 0.434 0.318
11 0.61 0.391
12 0.821 0.374
13 0.873 0.535
14 0.71 0.54
15 0.636 0.309
16 0.48 0.243
17 0.549 0.084
18 0.671 0.048
19 0.727 0.149
20 0.664 0.218
21 0.536 0.185
end level

level 8
width 8
height 10
objects
0 0.882 0.866
1 0.476 0.904
2 0.464 0.74
3 0.117 0.424
4 0.362 0.086
5 0.203 0.067
6 0.564 0.886
7 0.809 0.089
8 0.88 0.932
9 0.735 0.686
10 0.618 0.811
11 0.309 0.195
12 0.733 0.795
13 0.221 0.795
14 0.154 0.159
15 0.38 0.767
16 0.437 0.513
links
1 0
2 1
3 0
4 2
4 3
4 1
2 5
5 4
6 5
7 6
9 8
7 8
10 9
11 10
5 12
12 11
12 4
4 0
10 7
12 3
14 13
15 14
16 15
16 13
result
0 0.809 0.089
1 0.117 0.424
2 0.221 0.795
3 0.735 0.686
4 0.437 0.513
5 0.38 0.767
6 0.618 0.811
7 0.476 0.904
8 0.88 0.932
9 0.882 0.866
10 0.564 0.886
11 0.733 0.795
12 0.464 0.74
13 0.203 0.067
14 0.154 0.159
15 0.309 0.195
16 0.362 0.086
end level

level 9
width 8
height 10
objects
0 0.676 0.233
1 0.303 0.236
2 0.179 0.548
3 0.552 0.592
4 0.812 0.34
5 0.186 0.162
6 0.471 0.482
7 0.725 0.651
8 0.453 0.062
9 0.206 0.343
10 0.819 0.533
11 0.107 0.77
12 0.462 0.708
13 0.867 0.105
14 0.406 0.281
15 0.354 0.669
16 0.398 0.938
17 0.569 0.361
18 0.411 0.466
19 0.892 0.797
20 0.657 0.44
links
1 0
2 1
3 2
4 3
5 4
6 5
7 6
8 7
9 8
10 9
11 10
12 11
13 12
14 13
15 14
15 0
16 1
17 16
18 17
19 18
20 19
20 7
15 16
16 3
13 18
18 5
11 20
20 9
16 2
14 17
19 6
result
0 0.107 0.77
1 0.398 0.938
2 0.892 0.797
3 0.725 0.651
4 0.819 0.533
5 0.657 0.44
6 0.812 0.34
7 0.676 0.233
8 0.867 0.105
9 0.453 0.062
10 0.186 0.162
11 0.303 0.236
12 0.206 0.343
13 0.411 0.466
14 0.179 0.548
15 0.354 0.669
16 0.462 0.708
17 0.552 0.592
18 0.471 0.482
19 0.569 0.361
20 0.406 0.281
end level

level 10
width 8
height 10
objects
0 0.614 0.227
1 0.397 0.319
2 0.614 0.613
3 0.421 0.415
4 0.285 0.517
5 0.748 0.625
6 0.623 0.075
7 0.735 0.44
8 0.175 0.703
9 0.532 0.512
10 0.811 0.914
11 0.698 0.764
12 0.48 0.455
13 0.457 0.215
14 0.171 0.305
15 0.762 0.718
16 0.443 0.6
17 0.217 0.246
18 0.322 0.066
19 0.117 0.46
20 0.707 0.563
21 0.627 0.898
22 0.321 0.182
23 0.432 0.933
24 0.363 0.807
25 0.539 0.786
26 0.402 0.557
27 0.501 0.279
28 0.353 0.663
29 0.672 0.378
30 0.87 0.202
31 0.335 0.314
32 0.568 0.446
33 0.882 0.416
links
1 0
2 1
3 2
4 3
5 4
6 5
7 6
7 0
0 3
9 8
10 9
11 10
12 11
13 12
14 13
14 8
8 11
16 15
17 16
18 17
19 18
20 19
21 20
22 21
22 15
24 23
25 24
26 25
27 26
27 23
27 28
24 28
28 26
30 29
31 30
32 31
33 32
33 29
14 11
result
0 0.171 0.305
1 0.117 0.46
2 0.421 0.415
3 0.335 0.314
4 0.457 0.215
5 0.322 0.066
6 0.321 0.182
7 0.217 0.246
8 0.501 0.279
9 0.397 0.319
10 0.568 0.446
11 0.672 0.378
12 0.87 0.202
13 0.623 0.075
14 0.614 0.227
15 0.48 0.455
16 0.285 0.517
17 0.175 0.703
18 0.353 0.663
19 0.402 0.557
20 0.707 0.563
21 0.735 0.44
22 0.532 0.512
23 0.443 0.6
24 0.363 0.807
25 0.432 0.933
26 0.627 0.898
27 0.698 0.764
28 0.539 0.786
29 0.614 0.613
30 0.762 0.718
31 0.811 0.914
32 0.882 0.416
33 0.748 0.625
end level

level 11
width 8
height 10
objects
1 0.056 0.626
2 0.146 0.622
3 0.25 0.299
4 0.066 0.064
5 0.807 0.696
6 0.358 0.296
7 0.574 0.778
8 0.815 0.844
9 0.374 0.571
10 0.233 0.86
17 0.438 0.467
18 0.145 0.781
19 0.794 0.626
20 0.741 0.494
21 0.232 0.925
22 0.717 0.827
23 0.154 0.234
24 0.869 0.491
25 0.544 0.458
28 0.661 0.551
29 0.642 0.935
30 0.586 0.683
31 0.728 0.137
32 0.523 0.62
26 0.884 0.832
33 0.254 0.783
34 0.064 0.548
0 0.167 0.546
11 0.72 0.916
12 0.943 0.909
13 0.64 0.839
14 0.679 0.065
15 0.058 0.92
16 0.457 0.77
27 0.933 0.142
35 0.473 0.557
36 0.811 0.551
37 0.4 0.928
38 0.398 0.86
39 0.458 0.236
links
2 1
3 2
4 3
5 4
6 5
7 6
8 7
9 8
10 9
18 17
19 18
20 19
21 20
22 21
23 22
24 23
25 24
30 29
31 30
32 31
32 28
26 25
33 26
34 33
28 34
29 1
0 10
0 17
12 11
13 12
14 13
15 14
16 15
27 16
35 27
36 35
37 36
38 37
39 38
39 11
result
1 0.056 0.626
2 0.146 0.622
3 0.145 0.781
4 0.254 0.783
5 0.25 0.299
6 0.358 0.296
7 0.374 0.571
8 0.473 0.557
9 0.457 0.77
10 0.574 0.778
17 0.807 0.696
18 0.815 0.844
19 0.884 0.832
20 0.869 0.491
21 0.741 0.494
22 0.728 0.137
23 0.933 0.142
24 0.943 0.909
25 0.72 0.916
28 0.4 0.928
29 0.058 0.92
30 0.232 0.925
31 0.233 0.86
32 0.398 0.86
26 0.717 0.827
33 0.64 0.839
34 0.642 0.935
0 0.586 0.683
11 0.066 0.064
12 0.064 0.548
13 0.167 0.546
14 0.154 0.234
15 0.458 0.236
16 0.438 0.467
27 0.544 0.458
35 0.523 0.62
36 0.794 0.626
37 0.811 0.551
38 0.661 0.551
39 0.679 0.065
end level

level 12
width 8
height 10
objects
0 0.927 0.838
1 0.312 0.398
2 0.406 0.742
3 0.728 0.19
4 0.836 0.538
5 0.614 0.085
6 0.535 0.188
7 0.208 0.842
8 0.14 0.587
9 0.406 0.487
10 0.17 0.683
11 0.479 0.379
12 0.581 0.601
13 0.502 0.467
14 0.349 0.543
15 0.182 0.421
16 0.204 0.129
17 0.42 0.639
18 0.365 0.289
19 0.781 0.771
20 0.535 0.871
21 0.617 0.914
22 0.499 0.532
23 0.251 0.242
24 0.842 0.82
25 0.783 0.266
26 0.834 0.903
27 0.877 0.646
28 0.072 0.388
29 0.628 0.379
30 0.615 0.477
31 0.694 0.55
32 0.603 0.68
links
1 0
2 1
3 2
4 3
5 4
6 5
7 6
8 7
9 8
10 9
11 10
12 11
13 12
13 0
15 14
16 15
17 16
18 17
19 18
20 19
21 20
22 21
23 22
24 23
25 24
26 25
27 26
27 14
29 28
30 29
31 30
32 31
32 28
13 2
12 3
11 4
10 5
9 6
result
0 0.17 0.683
1 0.208 0.842
2 0.535 0.871
3 0.781 0.771
4 0.836 0.538
5 0.783 0.266
6 0.365 0.289
7 0.312 0.398
8 0.406 0.487
9 0.479 0.379
10 0.628 0.379
11 0.694 0.55
12 0.603 0.68
13 0.406 0.742
14 0.502 0.467
15 0.499 0.532
16 0.349 0.543
17 0.182 0.421
18 0.251 0.242
19 0.535 0.188
20 0.728 0.19
21 0.614 0.085
22 0.204 0.129
23 0.072 0.388
24 0.14 0.587
25 0.42 0.639
26 0.581 0.601
27 0.615 0.477
28 0.877 0.646
29 0.842 0.82
30 0.617 0.914
31 0.834 0.903
32 0.927 0.838
end level

level 13
width 8
height 10
objects
0 0.073 0.457
1 0.505 0.763
2 0.128 0.299
3 0.926 0.691
4 0.33 0.208
5 0.23 0.124
6 0.079 0.371
7 0.341 0.079
8 0.48 0.22
10 0.493 0.137
11 0.917 0.504
12 0.421 0.476
13 0.554 0.92
9 0.653 0.362
14 0.546 0.707
15 0.407 0.172
16 0.257 0.326
17 0.908 0.664
18 0.897 0.619
19 0.507 0.82
20 0.113 0.541
21 0.529 0.866
22 0.896 0.572
links
3 2
3 0
4 0
7 3
8 6
10 2
7 11
5 12
4 12
7 10
6 5
6 13
11 13
9 8
9 13
10 14
9 14
14 11
16 15
17 16
18 17
18 15
15 17
1 2
0 19
20 19
21 20
1 22
19 22
21 22
result
0 0.128 0.299
1 0.493 0.137
2 0.917 0.504
3 0.546 0.707
4 0.079 0.371
5 0.113 0.541
6 0.554 0.92
7 0.505 0.763
8 0.926 0.691
10 0.896 0.572
11 0.507 0.82
12 0.073 0.457
13 0.529 0.866
9 0.908 0.664
14 0.897 0.619
15 0.257 0.326
16 0.421 0.476
17 0.653 0.362
18 0.48 0.22
19 0.33 0.208
20 0.23 0.124
21 0.341 0.079
22 0.407 0.172
end level

level 14
width 8
height 10
objects
0 0.691 0.125
1 0.48 0.523
2 0.207 0.516
3 0.353 0.346
4 0.793 0.703
5 0.337 0.685
6 0.315 0.871
7 0.211 0.687
8 0.494 0.701
9 0.645 0.521
10 0.642 0.819
11 0.643 0.699
12 0.784 0.521
13 0.608 0.35
14 0.693 0.874
15 0.342 0.226
16 0.588 0.229
17 0.383 0.809
18 0.305 0.517
19 0.249 0.126
links
1 0
2 1
3 2
4 3
5 4
6 5
7 6
8 7
9 8
10 9
11 10
12 11
13 12
13 0
3 14
4 15
14 16
15 17
10 18
16 18
9 19
17 19
15 14
14 17
17 16
16 19
19 18
2 11
1 12
5 8
result
0 0.249 0.126
1 0.342 0.226
2 0.353 0.346
3 0.207 0.516
4 0.211 0.687
5 0.383 0.809
6 0.315 0.871
7 0.693 0.874
8 0.642 0.819
9 0.793 0.703
10 0.784 0.521
11 0.608 0.35
12 0.588 0.229
13 0.691 0.125
14 0.305 0.517
15 0.337 0.685
16 0.48 0.523
17 0.494 0.701
18 0.645 0.521
19 0.643 0.699
end level

level 15
width 8
height 10
objects
0 0.5 0.378
1 0.507 0.934
2 0.22 0.385
3 0.199 0.306
4 0.306 0.112
5 0.54 0.209
6 0.808 0.394
7 0.469 0.632
8 0.508 0.065
9 0.62 0.336
10 0.404 0.816
11 0.615 0.067
12 0.271 0.723
13 0.649 0.72
14 0.436 0.32
15 0.762 0.162
16 0.419 0.632
17 0.299 0.635
18 0.878 0.567
19 0.587 0.537
20 0.223 0.172
21 0.474 0.823
22 0.595 0.655
23 0.621 0.262
24 0.434 0.247
25 0.36 0.521
26 0.68 0.931
27 0.816 0.24
28 0.121 0.615
29 0.825 0.745
30 0.773 0.462
31 0.278 0.56
links
1 0
2 1
3 2
4 3
5 4
5 0
6 1
7 6
7 0
8 1
9 8
9 2
10 2
11 10
11 3
12 3
13 12
13 4
14 4
15 14
15 5
16 5
17 16
17 0
18 0
19 18
20 19
21 20
22 21
23 22
23 0
24 22
25 24
26 25
26 22
27 18
28 27
29 28
29 18
30 22
30 24
30 25
30 26
31 18
31 27
31 29
31 28
result
0 0.5 0.378
1 0.436 0.32
2 0.434 0.247
3 0.54 0.209
4 0.621 0.262
5 0.62 0.336
6 0.22 0.385
7 0.36 0.521
8 0.199 0.306
9 0.223 0.172
10 0.306 0.112
11 0.508 0.065
12 0.615 0.067
13 0.762 0.162
14 0.816 0.24
15 0.808 0.394
16 0.773 0.462
17 0.587 0.537
18 0.419 0.632
19 0.404 0.816
20 0.507 0.934
21 0.68 0.931
22 0.474 0.823
23 0.469 0.632
24 0.595 0.655
25 0.878 0.567
26 0.825 0.745
27 0.278 0.56
28 0.121 0.615
29 0.271 0.723
30 0.649 0.72
31 0.299 0.635
end level

level 16
width 8
height 10
objects
0 0.158 0.75
1 0.333 0.883
2 0.246 0.31
3 0.457 0.71
4 0.746 0.368
5 0.849 0.234
6 0.858 0.489
7 0.706 0.698
8 0.386 0.126
9 0.579 0.888
10 0.259 0.617
11 0.508 0.283
12 0.141 0.483
13 0.646 0.112
14 0.387 0.444
15 0.635 0.53
links
2 1
3 0
4 1
1 5
5 6
0 7
6 7
2 8
8 9
3 10
9 10
4 5
11 5
11 6
12 6
12 7
13 3
13 10
14 10
14 9
15 9
15 8
8 1
9 5
10 6
3 7
result
0 0.158 0.75
1 0.646 0.112
2 0.849 0.234
3 0.333 0.883
4 0.386 0.126
5 0.508 0.283
6 0.387 0.444
7 0.259 0.617
8 0.746 0.368
9 0.635 0.53
10 0.457 0.71
11 0.246 0.31
12 0.141 0.483
13 0.579 0.888
14 0.706 0.698
15 0.858 0.489
end level

level 17
width 8
height 10
objects
0 0.472 0.482
1 0.38 0.207
2 0.768 0.902
4 0.446 0.087
5 0.336 0.713
6 0.776 0.48
3 0.22 0.906
7 0.628 0.704
8 0.462 0.273
9 0.538 0.208
10 0.792 0.709
11 0.62 0.483
12 0.213 0.489
13 0.482 0.912
14 0.207 0.717
15 0.345 0.483
links
0 6
2 3
4 6
7 6
7 3
3 5
4 8
5 9
8 9
6 10
3 10
10 8
11 8
12 9
9 10
12 13
11 13
13 8
9 13
1 14
0 14
14 7
2 15
1 15
15 7
result
0 0.213 0.489
1 0.446 0.087
2 0.776 0.48
4 0.207 0.717
5 0.792 0.709
6 0.345 0.483
3 0.62 0.483
7 0.462 0.273
8 0.336 0.713
9 0.628 0.704
10 0.472 0.482
11 0.22 0.906
12 0.768 0.902
13 0.482 0.912
14 0.38 0.207
15 0.538 0.208
end level

level 18
width 8
height 10
objects
0 0.974 0.279
1 0.052 0.273
2 0.469 0.143
3 0.988 0.597
4 0.011 0.644
5 0.511 0.687
6 0.506 0.504
7 0.913 0.59
8 0.711 0.619
9 0.767 0.657
10 0.407 0.389
11 0.595 0.38
12 0.452 0.059
13 0.884 0.325
14 0.499 0.752
15 0.22 0.475
16 0.837 0.91
17 0.294 0.482
18 0.712 0.502
19 0.637 0.323
20 0.337 0.636
21 0.274 0.669
22 0.779 0.496
23 0.086 0.621
24 0.214 0.94
25 0.265 0.87
26 0.373 0.334
27 0.769 0.841
28 0.124 0.314
links
1 0
2 1
3 2
4 3
5 4
6 5
7 6
8 7
9 8
10 9
11 10
12 11
13 12
13 0
14 2
14 0
12 14
10 14
8 14
6 14
4 14
16 15
17 16
18 17
19 18
20 19
21 20
22 21
23 22
24 23
25 24
26 25
27 26
28 27
28 15
1 16
13 18
11 20
9 22
7 24
5 26
3 28
result
0 0.407 0.389
1 0.469 0.143
2 0.595 0.38
3 0.884 0.325
4 0.712 0.502
5 0.913 0.59
6 0.711 0.619
7 0.769 0.841
8 0.511 0.687
9 0.265 0.87
10 0.337 0.636
11 0.086 0.621
12 0.294 0.482
13 0.124 0.314
14 0.506 0.504
15 0.637 0.323
16 0.452 0.059
17 0.373 0.334
18 0.052 0.273
19 0.22 0.475
20 0.011 0.644
21 0.274 0.669
22 0.214 0.94
23 0.499 0.752
24 0.837 0.91
25 0.767 0.657
26 0.988 0.597
27 0.779 0.496
28 0.974 0.279
end level

level 19
width 8
height 10
objects
0 0.714 0.659
1 0.714 0.329
2 0.896 0.487
3 0.33 0.816
4 0.306 0.68
5 0.896 0.634
6 0.111 0.328
7 0.721 0.49
8 0.513 0.18
9 0.531 0.814
10 0.313 0.182
11 0.103 0.494
12 0.702 0.175
13 0.531 0.331
14 0.526 0.671
15 0.118 0.825
16 0.316 0.343
17 0.893 0.82
18 0.888 0.343
19 0.523 0.49
20 0.894 0.176
21 0.702 0.823
22 0.114 0.671
23 0.104 0.18
links
1 0
2 1
3 2
4 3
5 4
6 5
7 6
8 7
9 8
10 9
11 10
12 11
13 12
14 13
15 14
15 0
16 14
16 15
17 1
18 17
18 2
18 16
19 18
20 6
20 7
19 4
21 12
22 21
22 10
22 20
16 22
20 23
19 23
23 16
21 14
13 21
9 20
11 22
16 21
17 0
3 18
5 23
result
0 0.104 0.18
1 0.313 0.182
2 0.513 0.18
3 0.702 0.175
4 0.894 0.176
5 0.888 0.343
6 0.896 0.487
7 0.896 0.634
8 0.893 0.82
9 0.702 0.823
10 0.531 0.814
11 0.33 0.816
12 0.118 0.825
13 0.114 0.671
14 0.103 0.494
15 0.111 0.328
16 0.523 0.49
17 0.316 0.343
18 0.531 0.331
19 0.714 0.329
20 0.714 0.659
21 0.306 0.68
22 0.526 0.671
23 0.721 0.49
end level

level 20
width 8
height 10
objects
0 0.604 0.512
1 0.778 0.781
2 0.678 0.34
3 0.939 0.464
4 0.719 0.491
5 0.268 0.567
6 0.266 0.199
7 0.384 0.453
8 0.875 0.292
9 0.503 0.152
10 0.466 0.575
11 0.656 0.631
12 0.289 0.366
13 0.515 0.847
14 0.71 0.183
15 0.44 0.657
16 0.118 0.679
17 0.914 0.615
18 0.335 0.806
19 0.48 0.314
20 0.524 0.417
21 0.113 0.316
22 0.061 0.509
links
1 0
2 1
3 2
4 3
5 4
6 5
7 6
8 7
9 8
10 9
11 10
11 0
12 1
13 12
14 13
14 5
15 6
15 14
16 15
17 16
18 17
18 12
17 10
18 11
16 7
13 3
20 19
21 20
22 21
22 19
22 16
19 14
20 12
21 17
result
0 0.118 0.679
1 0.061 0.509
2 0.113 0.316
3 0.266 0.199
4 0.503 0.152
5 0.71 0.183
6 0.875 0.292
7 0.939 0.464
8 0.914 0.615
9 0.778 0.781
10 0.515 0.847
11 0.335 0.806
12 0.268 0.567
13 0.289 0.366
14 0.48 0.314
15 0.678 0.34
16 0.719 0.491
17 0.656 0.631
18 0.44 0.657
19 0.384 0.453
20 0.466 0.575
21 0.604 0.512
22 0.524 0.417
end level

level 21
width 8
height 10
objects
0 0.543 0.437
1 0.639 0.484
2 0.44 0.363
3 0.439 0.287
4 0.109 0.265
5 0.82 0.465
6 0.887 0.516
7 0.331 0.073
8 0.89 0.208
9 0.378 0.439
10 0.356 0.565
11 0.384 0.132
12 0.574 0.252
13 0.216 0.255
15 0.46 0.533
16 0.556 0.618
17 0.498 0.708
18 0.244 0.717
19 0.576 0.936
20 0.127 0.482
21 0.686 0.666
22 0.595 0.337
23 0.811 0.231
24 0.561 0.866
25 0.291 0.359
14 0.622 0.063
26 0.29 0.652
27 0.277 0.466
28 0.614 0.123
links
1 0
2 1
5 4
6 5
6 0
7 1
8 7
11 10
12 11
12 7
12 0
8 2
10 4
11 5
13 6
13 5
10 15
9 15
4 16
3 16
16 15
9 3
3 17
2 17
9 18
8 18
17 18
19 4
20 19
21 20
21 17
22 1
23 22
24 23
25 24
25 5
14 15
26 14
27 26
28 27
28 14
result
0 0.384 0.132
1 0.216 0.255
2 0.127 0.482
3 0.561 0.866
4 0.82 0.465
5 0.811 0.231
6 0.614 0.123
7 0.291 0.359
8 0.277 0.466
9 0.498 0.708
10 0.639 0.484
11 0.595 0.337
12 0.439 0.287
13 0.574 0.252
15 0.556 0.618
16 0.686 0.666
17 0.29 0.652
18 0.356 0.565
19 0.887 0.516
20 0.576 0.936
21 0.244 0.717
22 0.109 0.265
23 0.331 0.073
24 0.622 0.063
25 0.89 0.208
14 0.46 0.533
26 0.543 0.437
27 0.44 0.363
28 0.378 0.439
end level

level 22
width 8
height 10
objects
0 0.363 0.617
1 0.183 0.914
2 0.911 0.495
3 0.544 0.255
4 0.416 0.636
5 0.206 0.169
6 0.223 0.468
7 0.088 0.436
8 0.652 0.552
9 0.11 0.64
10 0.356 0.789
11 0.477 0.893
12 0.799 0.566
13 0.502 0.68
14 0.616 0.366
15 0.72 0.885
16 0.26 0.236
17 0.732 0.726
18 0.427 0.276
19 0.839 0.363
20 0.712 0.085
21 0.864 0.65
22 0.114 0.269
23 0.363 0.422
24 0.833 0.247
25 0.48 0.243
26 0.478 0.127
27 0.612 0.648
28 0.389 0.518
29 0.631 0.292
30 0.706 0.218
31 0.416 0.339
32 0.164 0.718
33 0.654 0.426
links
1 0
2 1
3 2
4 3
5 4
6 5
7 6
8 7
9 8
10 9
11 10
12 11
13 12
14 13
15 14
16 15
17 16
18 17
19 18
20 19
21 20
22 21
23 22
24 23
25 24
26 25
27 26
27 0
27 15
25 15
3 15
5 15
28 12
28 14
29 18
29 20
30 26
30 24
31 2
31 4
32 6
32 8
33 22
33 20
19 21
19 23
result
0 0.164 0.718
1 0.389 0.518
2 0.11 0.64
3 0.363 0.422
4 0.088 0.436
5 0.416 0.339
6 0.114 0.269
7 0.427 0.276
8 0.206 0.169
9 0.48 0.243
10 0.478 0.127
11 0.544 0.255
12 0.712 0.085
13 0.631 0.292
14 0.833 0.247
15 0.616 0.366
16 0.839 0.363
17 0.654 0.426
18 0.911 0.495
19 0.652 0.552
20 0.864 0.65
21 0.612 0.648
22 0.72 0.885
23 0.502 0.68
24 0.477 0.893
25 0.416 0.636
26 0.183 0.914
27 0.363 0.617
28 0.706 0.218
29 0.799 0.566
30 0.356 0.789
31 0.223 0.468
32 0.26 0.236
33 0.732 0.726
end level

level 23
width 10
height 11
objects
0 0.582 0.7
1 0.516 0.822
2 0.382 0.824
3 0.424 0.417
4 0.558 0.86
5 0.905 0.289
6 0.59 0.284
7 0.3 0.766
8 0.718 0.636
9 0.226 0.141
10 0.507 0.136
11 0.088 0.301
12 0.87 0.537
13 0.659 0.637
14 0.504 0.655
15 0.249 0.207
16 0.354 0.324
17 0.723 0.748
18 0.458 0.71
19 0.449 0.797
20 0.029 0.295
21 0.505 0.237
22 0.77 0.208
23 0.367 0.666
24 0.355 0.751
25 0.583 0.573
26 0.66 0.536
27 0.523 0.528
28 0.508 0.4
29 0.97 0.274
30 0.185 0.545
31 0.446 0.292
32 0.78 0.134
33 0.624 0.837
34 0.585 0.785
35 0.445 0.579
36 0.516 0.866
37 0.647 0.753
38 0.298 0.661
39 0.64 0.207
40 0.685 0.322
41 0.604 0.417
42 0.379 0.533
43 0.383 0.215
links
1 0
2 1
3 2
4 3
5 0
6 5
7 6
8 7
9 8
10 9
11 10
11 0
10 4
12 4
13 12
14 13
15 8
16 12
17 16
18 17
19 18
20 19
21 20
21 14
22 4
23 22
24 23
25 24
26 25
26 12
4 26
26 23
27 14
28 27
29 28
30 29
14 15
31 15
31 30
15 27
27 30
32 16
32 21
33 17
33 20
32 13
34 9
34 7
35 9
35 11
9 7
9 11
0 35
6 34
36 0
36 6
37 11
38 37
38 3
37 1
39 6
40 39
41 40
41 15
42 7
43 42
43 41
42 39
result
0 0.383 0.215
1 0.226 0.141
2 0.029 0.295
3 0.185 0.545
4 0.379 0.533
5 0.507 0.136
6 0.64 0.207
7 0.685 0.322
8 0.604 0.417
9 0.508 0.4
10 0.424 0.417
11 0.354 0.324
12 0.445 0.579
13 0.523 0.528
14 0.583 0.573
15 0.66 0.536
16 0.458 0.71
17 0.449 0.797
18 0.516 0.866
19 0.558 0.86
20 0.585 0.785
21 0.582 0.7
22 0.298 0.661
23 0.3 0.766
24 0.382 0.824
25 0.355 0.751
26 0.367 0.666
27 0.659 0.637
28 0.647 0.753
29 0.624 0.837
30 0.723 0.748
31 0.718 0.636
32 0.504 0.655
33 0.516 0.822
34 0.59 0.284
35 0.446 0.292
36 0.505 0.237
37 0.249 0.207
38 0.088 0.301
39 0.78 0.134
40 0.97 0.274
41 0.87 0.537
42 0.77 0.208
43 0.905 0.289
end level

level 24
width 10
height 11
objects
0 0.703 0.501
1 0.318 0.59
2 0.818 0.839
3 0.114 0.522
4 0.683 0.576
5 0.933 0.103
6 0.486 0.704
7 0.453 0.897
8 0.621 0.884
9 0.558 0.697
10 0.758 0.419
11 0.058 0.303
12 0.525 0.792
14 0.896 0.643
15 0.879 0.515
16 0.366 0.69
13 0.942 0.3
17 0.572 0.31
18 0.111 0.134
19 0.562 0.616
20 0.505 0.462
21 0.667 0.681
22 0.121 0.648
23 0.272 0.503
24 0.44 0.298
25 0.247 0.853
26 0.196 0.409
27 0.452 0.628
links
1 0
2 1
3 2
4 3
5 0
6 5
7 6
8 7
8 9
0 9
10 9
11 10
12 11
14 0
16 0
15 13
14 13
16 17
15 17
12 13
0 15
4 18
0 18
19 18
20 19
21 20
21 17
6 0
2 0
22 8
22 0
23 0
23 4
24 0
25 0
24 26
9 26
25 27
18 27
26 10
27 19
11 24
20 25
result
0 0.505 0.462
1 0.572 0.31
2 0.933 0.103
3 0.942 0.3
4 0.879 0.515
5 0.44 0.298
6 0.111 0.134
7 0.058 0.303
8 0.114 0.522
9 0.272 0.503
10 0.121 0.648
11 0.247 0.853
12 0.453 0.897
14 0.452 0.628
15 0.525 0.792
16 0.562 0.616
13 0.486 0.704
17 0.558 0.697
18 0.703 0.501
19 0.896 0.643
20 0.818 0.839
21 0.621 0.884
22 0.196 0.409
23 0.758 0.419
24 0.366 0.69
25 0.667 0.681
26 0.318 0.59
27 0.683 0.576
end level

level 25
width 10
height 11
objects
0 0.35 0.614
1 0.241 0.092
2 0.655 0.962
3 0.627 0.522
4 0.435 0.677
5 0.588 0.037
6 0.657 0.83
7 0.556 0.601
8 0.434 0.154
9 0.248 0.427
10 0.216 0.589
11 0.677 0.672
12 0.393 0.513
13 0.57 0.708
14 0.287 0.478
15 0.13 0.054
16 0.716 0.559
17 0.559 0.199
18 0.648 0.286
19 0.839 0.691
20 0.385 0.758
21 0.589 0.382
22 0.847 0.413
23 0.651 0.764
24 0.091 0.378
25 0.142 0.498
26 0.13 0.209
27 0.67 0.889
28 0.746 0.329
29 0.468 0.557
30 0.517 0.265
31 0.909 0.764
32 0.36 0.926
33 0.206 0.255
34 0.733 0.436
35 0.355 0.207
36 0.763 0.849
37 0.788 0.801
38 0.126 0.663
39 0.334 0.387
40 0.436 0.394
41 0.309 0.846
42 0.213 0.38
43 0.645 0.45
44 0.214 0.172
45 0.766 0.202
46 0.534 0.945
47 0.342 0.309
48 0.363 0.072
49 0.277 0.742
50 0.522 0.478
51 0.761 0.74
52 0.456 0.816
53 0.839 0.601
54 0.873 0.218
55 0.673 0.138
links
1 0
2 1
3 2
4 3
5 4
6 5
7 6
8 7
9 8
10 9
11 10
12 11
12 0
14 13
15 14
16 15
17 16
18 17
19 18
20 19
21 20
22 21
23 22
24 23
25 24
26 25
27 26
28 27
28 13
30 29
31 30
32 31
33 32
34 33
35 34
36 35
37 29
36 37
39 38
40 39
41 40
42 41
43 42
44 43
44 38
45 4
45 1
46 1
46 0
47 12
47 5
5 11
48 10
48 8
27 23
49 23
50 49
50 13
51 21
51 15
52 19
52 20
53 35
53 32
54 37
54 31
55 37
55 30
43 39
43 40
48 6
27 24
result
0 0.213 0.38
1 0.142 0.498
2 0.126 0.663
3 0.35 0.614
4 0.287 0.478
5 0.436 0.394
6 0.648 0.286
7 0.673 0.138
8 0.588 0.037
9 0.363 0.072
10 0.434 0.154
11 0.517 0.265
12 0.342 0.309
13 0.522 0.478
14 0.393 0.513
15 0.435 0.677
16 0.277 0.742
17 0.309 0.846
18 0.36 0.926
19 0.456 0.816
20 0.57 0.708
21 0.556 0.601
22 0.716 0.559
23 0.733 0.436
24 0.847 0.413
25 0.873 0.218
26 0.766 0.202
27 0.746 0.329
28 0.589 0.382
29 0.677 0.672
30 0.839 0.601
31 0.909 0.764
32 0.763 0.849
33 0.655 0.962
34 0.534 0.945
35 0.657 0.83
36 0.651 0.764
37 0.761 0.74
38 0.241 0.092
39 0.355 0.207
40 0.206 0.255
41 0.091 0.378
42 0.13 0.209
43 0.214 0.172
44 0.13 0.054
45 0.216 0.589
46 0.248 0.427
47 0.334 0.387
48 0.559 0.199
49 0.645 0.45
50 0.627 0.522
51 0.468 0.557
52 0.385 0.758
53 0.67 0.889
54 0.788 0.801
55 0.839 0.691
end level

level 26
width 10
height 11
objects
0 0.574 0.347
1 0.56 0.241
2 0.603 0.118
3 0.324 0.692
4 0.564 0.632
5 0.479 0.79
6 0.309 0.198
7 0.397 0.64
8 0.927 0.891
9 0.665 0.548
10 0.133 0.161
11 0.548 0.046
12 0.673 0.739
13 0.785 0.684
14 0.21 0.24
15 0.689 0.376
16 0.348 0.83
17 0.586 0.804
18 0.23 0.49
19 0.751 0.215
20 0.282 0.405
21 0.77 0.918
22 0.681 0.858
23 0.119 0.24
24 0.457 0.71
25 0.486 0.408
26 0.513 0.894
27 0.171 0.349
28 0.391 0.306
29 0.82 0.539
30 0.812 0.404
31 0.707 0.621
32 0.386 0.478
33 0.275 0.326
34 0.478 0.223
35 0.072 0.788
36 0.834 0.788
37 0.672 0.453
38 0.741 0.136
39 0.119 0.65
40 0.796 0.282
41 0.296 0.604
42 0.91 0.678
43 0.493 0.955
44 0.267 0.752
45 0.516 0.501
46 0.879 0.1
47 0.207 0.687
48 0.386 0.86
49 0.348 0.941
50 0.627 0.311
51 0.898 0.331
52 0.174 0.895
53 0.902 0.505
54 0.265 0.044
55 0.098 0.399
56 0.917 0.772
57 0.181 0.562
links
1 0
2 1
3 2
4 3
5 4
6 5
7 0
8 7
9 8
10 9
11 10
11 0
12 0
13 12
14 13
15 14
16 15
17 16
17 2
18 2
19 18
20 19
21 20
22 21
23 22
24 23
25 24
26 25
27 26
27 4
28 4
29 28
30 29
31 30
31 6
32 1
33 32
34 33
35 34
36 35
37 36
38 37
39 38
40 39
41 40
42 41
42 0
43 1
44 43
45 44
46 45
47 46
48 47
49 48
50 49
50 2
51 3
52 51
53 52
54 53
55 54
56 55
57 56
57 5
50 3
32 42
40 34
26 23
57 53
52 57
47 45
48 45
35 39
10 7
10 0
12 2
2 27
2 26
2 4
42 1
41 33
39 36
result
0 0.391 0.306
1 0.486 0.408
2 0.386 0.478
3 0.564 0.632
4 0.457 0.71
5 0.586 0.804
6 0.513 0.894
7 0.478 0.223
8 0.265 0.044
9 0.133 0.161
10 0.309 0.198
11 0.275 0.326
12 0.282 0.405
13 0.171 0.349
14 0.21 0.24
15 0.119 0.24
16 0.098 0.399
17 0.23 0.49
18 0.296 0.604
19 0.181 0.562
20 0.119 0.65
21 0.072 0.788
22 0.174 0.895
23 0.348 0.83
24 0.267 0.752
25 0.207 0.687
26 0.324 0.692
27 0.397 0.64
28 0.479 0.79
29 0.386 0.86
30 0.348 0.941
31 0.493 0.955
32 0.574 0.347
33 0.689 0.376
34 0.796 0.282
35 0.898 0.331
36 0.879 0.1
37 0.548 0.046
38 0.603 0.118
39 0.741 0.136
40 0.751 0.215
41 0.627 0.311
42 0.56 0.241
43 0.672 0.453
44 0.812 0.404
45 0.902 0.505
46 0.91 0.678
47 0.785 0.684
48 0.82 0.539
49 0.665 0.548
50 0.516 0.501
51 0.707 0.621
52 0.673 0.739
53 0.834 0.788
54 0.917 0.772
55 0.927 0.891
56 0.77 0.918
57 0.681 0.858
end level

level 27
width 10
height 11
objects
0 0.447 0.435
1 0.64 0.502
2 0.731 0.116
3 0.633 0.408
4 0.817 0.641
5 0.669 0.655
6 0.468 0.781
7 0.788 0.536
8 0.514 0.506
9 0.164 0.27
10 0.724 0.47
11 0.662 0.93
12 0.746 0.402
13 0.438 0.699
14 0.282 0.931
15 0.405 0.157
16 0.503 0.695
17 0.463 0.201
18 0.406 0.068
19 0.178 0.403
20 0.447 0.929
21 0.484 0.255
22 0.806 0.768
23 0.362 0.495
24 0.724 0.571
25 0.417 0.25
26 0.529 0.326
27 0.578 0.668
28 0.599 0.568
29 0.884 0.805
30 0.625 0.808
31 0.59 0.085
32 0.846 0.916
33 0.254 0.529
34 0.791 0.271
35 0.146 0.923
36 0.662 0.246
37 0.26 0.167
38 0.844 0.588
39 0.287 0.673
40 0.839 0.427
41 0.1 0.754
42 0.438 0.508
43 0.081 0.904
44 0.353 0.221
45 0.919 0.847
46 0.212 0.675
links
1 0
2 1
3 2
4 3
5 4
6 5
7 6
8 7
9 8
10 9
11 10
12 11
13 12
14 13
15 14
16 15
17 16
18 17
19 18
20 19
21 20
22 21
23 22
24 23
25 24
26 25
27 26
28 27
29 28
30 29
31 30
32 31
33 32
34 33
35 34
36 35
36 0
37 5
38 5
38 7
39 7
39 9
40 9
40 10
41 10
41 11
42 11
42 12
43 12
43 13
44 13
44 37
45 17
45 18
45 19
46 19
46 22
23 17
17 24
24 4
3 25
3 26
2 34
34 1
1 35
35 0
26 33
33 27
27 32
32 28
28 31
31 29
26 2
6 38
23 28
6 2
6 1
result
0 0.1 0.754
1 0.212 0.675
2 0.287 0.673
3 0.438 0.699
4 0.438 0.508
5 0.362 0.495
6 0.254 0.529
7 0.178 0.403
8 0.164 0.27
9 0.26 0.167
10 0.406 0.068
11 0.59 0.085
12 0.731 0.116
13 0.791 0.271
14 0.746 0.402
15 0.633 0.408
16 0.514 0.506
17 0.599 0.568
18 0.64 0.502
19 0.724 0.47
20 0.839 0.427
21 0.844 0.588
22 0.817 0.641
23 0.669 0.655
24 0.578 0.668
25 0.503 0.695
26 0.468 0.781
27 0.625 0.808
28 0.806 0.768
29 0.884 0.805
30 0.919 0.847
31 0.846 0.916
32 0.662 0.93
33 0.447 0.929
34 0.282 0.931
35 0.146 0.923
36 0.081 0.904
37 0.484 0.255
38 0.417 0.25
39 0.353 0.221
40 0.405 0.157
41 0.463 0.201
42 0.529 0.326
43 0.662 0.246
44 0.447 0.435
45 0.724 0.571
46 0.788 0.536
end level

level 28
width 10
height 11
objects
0 0.695 0.126
1 0.376 0.658
2 0.148 0.49
3 0.461 0.738
4 0.935 0.74
5 0.573 0.55
6 0.189 0.546
7 0.494 0.411
8 0.757 0.176
9 0.42 0.352
10 0.174 0.264
11 0.431 0.595
12 0.267 0.86
13 0.865 0.457
14 0.065 0.589
15 0.677 0.315
16 0.338 0.937
17 0.42 0.8
18 0.644 0.54
19 0.884 0.893
20 0.928 0.434
21 0.23 0.448
22 0.259 0.123
23 0.228 0.206
24 0.723 0.602
25 0.675 0.892
26 0.641 0.737
27 0.45 0.531
28 0.796 0.736
29 0.292 0.778
30 0.708 0.487
31 0.264 0.594
32 0.327 0.261
33 0.574 0.427
34 0.167 0.094
35 0.726 0.405
36 0.443 0.909
37 0.546 0.772
38 0.139 0.852
39 0.081 0.809
40 0.604 0.608
41 0.137 0.616
42 0.873 0.649
43 0.295 0.509
44 0.526 0.492
45 0.745 0.773
46 0.098 0.368
47 0.772 0.295
48 0.13 0.224
49 0.74 0.667
50 0.427 0.069
51 0.441 0.655
52 0.55 0.716
53 0.752 0.084
54 0.252 0.377
55 0.464 0.15
56 0.803 0.603
57 0.602 0.844
58 0.923 0.251
59 0.366 0.186
60 0.527 0.14
61 0.092 0.11
62 0.58 0.211
63 0.573 0.276
64 0.629 0.063
65 0.457 0.487
66 0.218 0.665
67 0.489 0.321
68 0.145 0.792
69 0.641 0.685
70 0.205 0.766
71 0.787 0.514
72 0.283 0.312
links
1 0
2 1
3 2
4 3
5 4
6 5
7 6
8 7
9 8
10 9
10 0
11 0
12 11
13 12
14 13
15 14
16 15
17 16
18 17
19 18
20 19
21 20
22 21
23 22
24 23
25 24
26 25
27 26
28 27
28 0
29 0
30 29
31 30
32 31
33 32
34 33
35 34
36 35
37 36
38 37
39 38
39 0
40 0
41 40
42 41
43 42
44 43
45 44
46 45
47 46
48 47
49 48
50 49
51 50
52 51
53 52
54 53
54 0
55 0
56 55
57 56
58 57
59 58
60 59
61 60
62 61
63 62
64 63
65 64
66 65
67 66
68 67
68 0
50 45
45 47
49 47
44 50
50 42
42 51
51 41
41 53
53 40
40 54
55 68
68 66
66 56
56 59
65 60
60 64
64 61
61 63
4 7
7 3
3 8
8 2
2 10
26 12
12 24
24 14
14 23
23 16
16 22
22 17
17 21
21 19
31 36
30 36
37 29
29 38
69 5
70 69
71 70
72 71
72 6
72 69
result
0 0.574 0.427
1 0.489 0.321
2 0.366 0.186
3 0.259 0.123
4 0.167 0.094
5 0.092 0.11
6 0.13 0.224
7 0.228 0.206
8 0.327 0.261
9 0.42 0.352
10 0.494 0.411
11 0.457 0.487
12 0.23 0.448
13 0.148 0.49
14 0.065 0.589
15 0.081 0.809
16 0.139 0.852
17 0.338 0.937
18 0.443 0.909
19 0.546 0.772
20 0.461 0.738
21 0.42 0.8
22 0.267 0.86
23 0.145 0.792
24 0.137 0.616
25 0.189 0.546
26 0.295 0.509
27 0.45 0.531
28 0.526 0.492
29 0.573 0.55
30 0.431 0.595
31 0.376 0.658
32 0.264 0.594
33 0.218 0.665
34 0.205 0.766
35 0.292 0.778
36 0.441 0.655
37 0.55 0.716
38 0.604 0.608
39 0.644 0.54
40 0.708 0.487
41 0.723 0.602
42 0.641 0.685
43 0.641 0.737
44 0.602 0.844
45 0.675 0.892
46 0.884 0.893
47 0.935 0.74
48 0.873 0.649
49 0.796 0.736
50 0.745 0.773
51 0.74 0.667
52 0.803 0.603
53 0.787 0.514
54 0.726 0.405
55 0.677 0.315
56 0.772 0.295
57 0.865 0.457
58 0.928 0.434
59 0.923 0.251
60 0.752 0.084
61 0.629 0.063
62 0.427 0.069
63 0.464 0.15
64 0.527 0.14
65 0.695 0.126
66 0.757 0.176
67 0.58 0.211
68 0.573 0.276
69 0.098 0.368
70 0.252 0.377
71 0.283 0.312
72 0.174 0.264
end level

level 29
width 10
height 10
objects
0 0.849 0.706
1 0.052 0.65
2 0.428 0.286
3 0.394 0.389
4 0.578 0.427
5 0.743 0.814
6 0.657 0.486
7 0.034 0.494
8 0.942 0.322
9 0.778 0.646
10 0.498 0.633
11 0.338 0.849
12 0.687 0.738
13 0.521 0.378
14 0.916 0.729
15 0.874 0.581
16 0.157 0.725
17 0.291 0.592
18 0.794 0.407
19 0.059 0.295
20 0.51 0.334
21 0.269 0.18
22 0.722 0.508
23 0.664 0.129
24 0.498 0.707
25 0.468 0.042
26 0.428 0.783
27 0.309 0.249
28 0.197 0.529
29 0.226 0.897
30 0.882 0.419
31 0.476 0.881
32 0.374 0.137
33 0.566 0.793
34 0.648 0.204
35 0.622 0.043
36 0.627 0.303
37 0.114 0.588
38 0.476 0.56
39 0.773 0.099
40 0.893 0.195
41 0.689 0.613
42 0.854 0.303
43 0.213 0.411
44 0.534 0.194
45 0.8 0.525
46 0.715 0.925
47 0.301 0.724
48 0.239 0.336
49 0.425 0.505
50 0.512 0.118
51 0.402 0.952
52 0.238 0.786
53 0.965 0.46
54 0.557 0.558
55 0.858 0.817
56 0.349 0.049
57 0.613 0.373
58 0.447 0.432
59 0.165 0.244
60 0.234 0.091
61 0.792 0.202
62 0.413 0.203
63 0.599 0.494
64 0.118 0.405
65 0.271 0.456
66 0.115 0.825
67 0.385 0.589
68 0.369 0.667
69 0.544 0.266
70 0.131 0.163
71 0.742 0.29
72 0.557 0.957
73 0.946 0.6
74 0.353 0.478
75 0.218 0.641
76 0.616 0.599
77 0.613 0.683
78 0.621 0.88
79 0.337 0.33
80 0.701 0.39
links
1 0
2 1
3 2
4 3
5 4
6 5
6 0
8 7
9 8
10 9
11 10
12 11
13 12
14 13
14 7
16 15
17 16
18 17
19 18
20 19
21 20
22 21
23 22
24 23
25 24
26 25
26 15
28 27
29 28
30 29
31 30
32 31
33 32
34 33
35 34
36 35
37 36
38 37
39 38
40 39
41 40
42 41
42 27
44 43
45 44
46 45
47 46
48 47
49 48
50 49
51 50
52 51
53 52
54 53
55 54
56 55
57 56
58 57
59 58
60 59
60 43
62 61
63 62
64 63
65 64
66 65
67 66
68 67
69 68
70 69
71 70
72 71
73 72
74 73
75 74
76 75
77 76
78 77
79 78
80 79
80 61
0 14
14 26
26 42
42 60
60 77
1 7
7 15
15 28
28 44
44 79
8 17
17 30
30 46
46 61
4 10
10 20
20 34
34 51
51 67
34 50
50 66
9 19
19 32
32 48
48 64
5 11
11 21
21 35
35 52
52 68
6 12
12 23
23 37
37 54
54 70
23 38
38 55
55 72
6 13
13 24
24 39
39 57
57 73
74 58
58 40
40 25
25 13
42 43
43 78
62 47
47 31
31 18
18 8
29 45
45 80
29 15
11 22
22 36
36 53
53 69
19 33
33 49
49 65
26 41
41 59
59 76
result
0 0.425 0.505
1 0.447 0.432
2 0.521 0.378
3 0.578 0.427
4 0.599 0.494
5 0.557 0.558
6 0.476 0.56
7 0.394 0.389
8 0.51 0.334
9 0.613 0.373
10 0.657 0.486
11 0.616 0.599
12 0.498 0.633
13 0.385 0.589
14 0.353 0.478
15 0.337 0.33
16 0.428 0.286
17 0.544 0.266
18 0.627 0.303
19 0.701 0.39
20 0.722 0.508
21 0.689 0.613
22 0.613 0.683
23 0.498 0.707
24 0.369 0.667
25 0.291 0.592
26 0.271 0.456
27 0.239 0.336
28 0.309 0.249
29 0.413 0.203
30 0.534 0.194
31 0.648 0.204
32 0.742 0.29
33 0.794 0.407
34 0.8 0.525
35 0.778 0.646
36 0.687 0.738
37 0.566 0.793
38 0.428 0.783
39 0.301 0.724
40 0.218 0.641
41 0.197 0.529
42 0.213 0.411
43 0.165 0.244
44 0.269 0.18
45 0.374 0.137
46 0.512 0.118
47 0.664 0.129
48 0.792 0.202
49 0.854 0.303
50 0.882 0.419
51 0.874 0.581
52 0.849 0.706
53 0.743 0.814
54 0.621 0.88
55 0.476 0.881
56 0.338 0.849
57 0.238 0.786
58 0.157 0.725
59 0.114 0.588
60 0.118 0.405
61 0.468 0.042
62 0.622 0.043
63 0.773 0.099
64 0.893 0.195
65 0.942 0.322
66 0.965 0.46
67 0.946 0.6
68 0.916 0.729
69 0.858 0.817
70 0.715 0.925
71 0.557 0.957
72 0.402 0.952
73 0.226 0.897
74 0.115 0.825
75 0.052 0.65
76 0.034 0.494
77 0.059 0.295
78 0.131 0.163
79 0.234 0.091
80 0.349 0.049
end level

