level 0
width 5
height 5
objects
0 0.247 0.35
1 0.758 0.8
2 0.241 0.8
3 0.758 0.35
links
1 0
2 1
3 2
3 0
result
0 0.241 0.8
1 0.247 0.35
2 0.758 0.35
3 0.758 0.8
end level

level 1
width 5
height 5
objects
0 0.188 0.453
1 0.718 0.756
2 0.459 0.211
3 0.811 0.386
4 0.348 0.788
links
1 0
2 1
3 2
4 0
4 3
result
0 0.348 0.788
1 0.188 0.453
2 0.459 0.211
3 0.811 0.386
4 0.718 0.756
end level

level 2
width 5
height 5
objects
0 0.705 0.717
1 0.785 0.22
2 0.206 0.413
3 0.793 0.569
4 0.311 0.228
5 0.254 0.78
links
1 0
2 1
2 0
4 3
5 4
5 3
result
0 0.254 0.78
1 0.206 0.413
2 0.705 0.717
3 0.311 0.228
4 0.793 0.569
5 0.785 0.22
end level

level 3
width 5
height 5
objects
0 0.369 0.585
1 0.842 0.554
2 0.512 0.358
3 0.64 0.831
4 0.257 0.732
5 0.613 0.636
6 0.158 0.415
7 0.524 0.168
links
1 0
2 1
3 2
4 3
4 0
6 5
7 6
7 5
result
0 0.257 0.732
1 0.158 0.415
2 0.524 0.168
3 0.842 0.554
4 0.64 0.831
5 0.369 0.585
6 0.512 0.358
7 0.613 0.636
end level

level 4
width 5
height 5
objects
0 0.487 0.544
1 0.658 0.176
2 0.643 0.807
3 0.786 0.327
4 0.167 0.824
5 0.159 0.211
6 0.359 0.464
7 0.84 0.742
8 0.172 0.525
links
1 0
2 1
2 0
4 3
5 4
5 3
7 6
8 7
8 6
result
0 0.167 0.824
1 0.172 0.525
2 0.643 0.807
3 0.159 0.211
4 0.359 0.464
5 0.658 0.176
6 0.786 0.327
7 0.487 0.544
8 0.84 0.742
end level

level 5
width 5
height 5
objects
0 0.556 0.133
1 0.874 0.453
2 0.125 0.464
3 0.434 0.325
4 0.337 0.714
5 0.575 0.714
6 0.413 0.866
7 0.617 0.316
links
1 0
2 1
2 0
4 3
5 4
5 3
7 6
result
0 0.125 0.464
1 0.337 0.714
2 0.434 0.325
3 0.617 0.316
4 0.575 0.714
5 0.874 0.453
6 0.413 0.866
7 0.556 0.133
end level

level 6
width 5
height 6
objects
0 0.446 0.209
1 0.664 0.367
2 0.157 0.75
3 0.646 0.811
4 0.309 0.255
5 0.376 0.558
6 0.686 0.634
7 0.843 0.188
links
1 0
2 1
3 2
3 0
5 4
6 5
7 6
7 4
result
0 0.309 0.255
1 0.157 0.75
2 0.376 0.558
3 0.646 0.811
4 0.446 0.209
5 0.686 0.634
6 0.843 0.188
7 0.664 0.367
end level

level 7
width 5
height 6
objects
0 0.446 0.088
1 0.664 0.247
2 0.157 0.63
3 0.646 0.691
4 0.309 0.133
5 0.376 0.438
6 0.686 0.514
7 0.843 0.067
links
1 0
2 1
3 2
3 0
5 4
6 5
7 6
7 4
result
0 0.309 0.133
1 0.157 0.63
2 0.376 0.438
3 0.646 0.691
4 0.446 0.088
5 0.686 0.514
6 0.843 0.067
7 0.664 0.247
end level

level 8
width 5
height 7
objects
0 0.896 0.703
1 0.103 0.425
2 0.324 0.307
3 0.679 0.155
4 0.24 0.866
5 0.315 0.615
6 0.534 0.492
7 0.635 0.406
8 0.631 0.616
9 0.227 0.134
links
1 0
2 1
3 2
4 3
4 0
6 5
7 6
8 7
9 8
9 5
result
0 0.103 0.425
1 0.227 0.134
2 0.679 0.155
3 0.324 0.307
4 0.534 0.492
5 0.635 0.406
6 0.896 0.703
7 0.24 0.866
8 0.315 0.615
9 0.631 0.616
end level

level 9
width 6
height 7
objects
0 0.638 0.82
3 0.321 0.794
4 0.103 0.519
5 0.361 0.179
1 0.726 0.196
2 0.896 0.504
links
4 3
5 4
5 0
1 0
2 1
2 3
1 5
2 4
result
0 0.103 0.519
3 0.896 0.504
4 0.638 0.82
5 0.321 0.794
1 0.361 0.179
2 0.726 0.196
end level

level 10
width 6
height 8
objects
0 0.948 0.268
1 0.268 0.084
2 0.794 0.915
3 0.478 0.589
4 0.051 0.223
5 0.74 0.089
6 0.14 0.903
links
1 0
2 1
2 0
3 0
4 3
4 0
5 0
6 5
6 0
result
0 0.478 0.589
1 0.14 0.903
2 0.794 0.915
3 0.051 0.223
4 0.268 0.084
5 0.74 0.089
6 0.948 0.268
end level

level 11
width 5
height 7
objects
0 0.69 0.518
1 0.861 0.95
2 0.186 0.05
3 0.836 0.049
4 0.489 0.334
5 0.497 0.705
6 0.281 0.527
7 0.138 0.947
links
1 0
2 1
2 0
3 0
4 3
5 4
5 0
6 4
7 6
7 4
result
0 0.489 0.334
1 0.186 0.05
2 0.836 0.049
3 0.281 0.527
4 0.497 0.705
5 0.69 0.518
6 0.138 0.947
7 0.861 0.95
end level

level 12
width 7
height 5
objects
0 0.501 0.444
1 0.339 0.117
2 0.128 0.305
3 0.871 0.288
4 0.679 0.117
5 0.482 0.883
6 0.153 0.639
7 0.836 0.633
links
1 0
2 1
3 2
4 3
5 4
6 5
7 6
7 0
result
0 0.501 0.444
1 0.679 0.117
2 0.871 0.288
3 0.836 0.633
4 0.482 0.883
5 0.153 0.639
6 0.128 0.305
7 0.339 0.117
end level

level 13
width 7
height 8
objects
0 0.677 0.727
1 0.404 0.691
2 0.417 0.419
3 0.855 0.289
4 0.637 0.651
5 0.537 0.134
6 0.237 0.731
7 0.187 0.865
8 0.464 0.251
9 0.267 0.452
10 0.864 0.836
11 0.135 0.286
links
1 0
2 1
3 2
4 3
5 4
5 0
7 6
8 7
8 6
10 9
11 10
11 9
result
0 0.267 0.452
1 0.135 0.286
2 0.237 0.731
3 0.417 0.419
4 0.637 0.651
5 0.464 0.251
6 0.537 0.134
7 0.677 0.727
8 0.855 0.289
9 0.404 0.691
10 0.187 0.865
11 0.864 0.836
end level

level 14
width 7
height 8
objects
0 0.496 0.557
1 0.355 0.699
2 0.623 0.869
3 0.481 0.131
4 0.678 0.695
5 0.146 0.577
6 0.841 0.315
7 0.131 0.335
8 0.868 0.592
9 0.39 0.869
links
1 0
2 1
3 2
4 3
5 4
6 5
7 6
7 0
8 4
9 8
9 4
result
0 0.481 0.131
1 0.131 0.335
2 0.146 0.577
3 0.355 0.699
4 0.496 0.557
5 0.678 0.695
6 0.868 0.592
7 0.841 0.315
8 0.39 0.869
9 0.623 0.869
end level

level 15
width 7
height 8
objects
0 0.229 0.673
1 0.645 0.371
2 0.167 0.147
3 0.83 0.901
4 0.687 0.484
5 0.074 0.794
6 0.75 0.099
7 0.263 0.255
8 0.486 0.654
9 0.28 0.463
10 0.925 0.438
11 0.435 0.263
12 0.638 0.625
13 0.439 0.465
links
1 0
2 1
3 2
4 3
5 4
6 5
7 6
8 7
9 8
9 0
11 10
12 11
13 12
13 10
result
0 0.28 0.463
1 0.074 0.794
2 0.486 0.654
3 0.83 0.901
4 0.638 0.625
5 0.925 0.438
6 0.645 0.371
7 0.75 0.099
8 0.435 0.263
9 0.167 0.147
10 0.263 0.255
11 0.687 0.484
12 0.229 0.673
13 0.439 0.465
end level

level 16
width 6
height 8
objects
0 0.323 0.289
1 0.725 0.272
2 0.074 0.864
3 0.791 0.753
4 0.243 0.743
5 0.925 0.855
6 0.427 0.609
7 0.176 0.139
8 0.884 0.135
9 0.63 0.626
10 0.518 0.392
links
1 0
2 1
3 2
3 0
5 4
6 5
7 6
7 4
9 8
10 9
10 8
result
0 0.176 0.139
1 0.884 0.135
2 0.925 0.855
3 0.074 0.864
4 0.323 0.289
5 0.243 0.743
6 0.791 0.753
7 0.725 0.272
8 0.427 0.609
9 0.518 0.392
10 0.63 0.626
end level

level 17
width 7
height 8
objects
0 0.467 0.766
1 0.105 0.551
2 0.754 0.261
3 0.063 0.816
4 0.626 0.715
5 0.545 0.453
6 0.234 0.899
7 0.336 0.527
8 0.763 0.1
9 0.802 0.864
10 0.285 0.414
11 0.876 0.584
12 0.171 0.303
13 0.371 0.652
14 0.516 0.286
15 0.937 0.471
16 0.531 0.597
17 0.351 0.143
links
1 0
2 1
3 2
4 3
5 4
6 5
7 6
7 0
9 8
10 9
11 10
12 11
13 12
13 8
15 14
16 15
17 16
17 14
result
0 0.105 0.551
1 0.285 0.414
2 0.545 0.453
3 0.754 0.261
4 0.937 0.471
5 0.531 0.597
6 0.336 0.527
7 0.063 0.816
8 0.371 0.652
9 0.234 0.899
10 0.467 0.766
11 0.802 0.864
12 0.876 0.584
13 0.626 0.715
14 0.351 0.143
15 0.171 0.303
16 0.516 0.286
17 0.763 0.1
end level

level 18
width 6
height 8
objects
0 0.85 0.088
1 0.423 0.395
2 0.248 0.123
3 0.167 0.215
4 0.848 0.196
5 0.392 0.905
6 0.093 0.433
7 0.105 0.536
8 0.906 0.912
9 0.498 0.616
10 0.55 0.375
11 0.478 0.458
links
1 0
2 1
2 0
4 3
5 4
5 3
7 6
8 7
8 6
10 9
11 10
11 9
result
0 0.248 0.123
1 0.85 0.088
2 0.55 0.375
3 0.093 0.433
4 0.423 0.395
5 0.167 0.215
6 0.848 0.196
7 0.498 0.616
8 0.906 0.912
9 0.105 0.536
10 0.478 0.458
11 0.392 0.905
end level

level 19
width 7
height 8
objects
0 0.452 0.092
1 0.538 0.573
2 0.3 0.279
3 0.552 0.469
4 0.269 0.771
5 0.53 0.393
6 0.679 0.17
7 0.706 0.746
8 0.866 0.843
9 0.134 0.341
10 0.316 0.907
11 0.84 0.189
12 0.559 0.743
links
1 0
2 1
2 0
3 0
4 3
4 0
6 5
7 6
8 7
8 5
10 9
11 10
12 11
12 9
result
0 0.552 0.469
1 0.134 0.341
2 0.269 0.771
3 0.84 0.189
4 0.866 0.843
5 0.538 0.573
6 0.316 0.907
7 0.559 0.743
8 0.706 0.746
9 0.53 0.393
10 0.3 0.279
11 0.452 0.092
12 0.679 0.17
end level

level 20
width 8
height 8
objects
0 0.146 0.682
1 0.573 0.13
2 0.14 0.414
3 0.82 0.77
4 0.389 0.869
5 0.184 0.778
6 0.783 0.24
7 0.841 0.338
8 0.126 0.535
9 0.873 0.453
10 0.661 0.163
11 0.858 0.572
12 0.177 0.251
13 0.398 0.155
14 0.662 0.832
15 0.278 0.845
16 0.532 0.865
17 0.305 0.185
links
1 0
2 1
3 2
3 0
5 4
6 5
7 6
7 4
9 8
10 9
10 8
12 11
13 12
14 13
14 11
16 15
17 16
17 15
result
0 0.184 0.778
1 0.661 0.163
2 0.783 0.24
3 0.278 0.845
4 0.389 0.869
5 0.841 0.338
6 0.873 0.453
7 0.532 0.865
8 0.662 0.832
9 0.858 0.572
10 0.82 0.77
11 0.146 0.682
12 0.573 0.13
13 0.398 0.155
14 0.126 0.535
15 0.305 0.185
16 0.14 0.414
17 0.177 0.251
end level

level 21
width 7
height 9
objects
0 0.597 0.798
1 0.255 0.255
2 0.747 0.257
3 0.401 0.532
4 0.445 0.268
5 0.59 0.264
6 0.493 0.083
7 0.872 0.806
8 0.334 0.914
9 0.669 0.916
10 0.16 0.528
11 0.127 0.811
12 0.845 0.552
13 0.615 0.531
14 0.394 0.798
links
1 0
2 1
3 2
4 3
5 4
7 6
8 7
9 8
10 9
10 0
5 11
12 11
13 12
6 14
11 14
13 14
result
0 0.493 0.083
1 0.255 0.255
2 0.445 0.268
3 0.16 0.528
4 0.401 0.532
5 0.127 0.811
6 0.872 0.806
7 0.615 0.531
8 0.845 0.552
9 0.59 0.264
10 0.747 0.257
11 0.394 0.798
12 0.334 0.914
13 0.669 0.916
14 0.597 0.798
end level

level 22
width 7
height 9
objects
0 0.18 0.177
1 0.562 0.315
2 0.67 0.482
3 0.766 0.917
4 0.822 0.202
5 0.643 0.194
6 0.766 0.305
7 0.67 0.343
8 0.278 0.242
9 0.368 0.682
10 0.111 0.456
11 0.819 0.083
12 0.675 0.771
13 0.884 0.353
14 0.293 0.447
15 0.888 0.443
16 0.204 0.702
links
1 0
2 1
3 2
3 0
4 0
5 4
6 5
6 1
8 7
9 8
10 9
10 7
12 11
13 12
13 11
15 14
16 15
16 14
result
0 0.204 0.702
1 0.67 0.343
2 0.888 0.443
3 0.766 0.917
4 0.111 0.456
5 0.18 0.177
6 0.819 0.083
7 0.293 0.447
8 0.562 0.315
9 0.643 0.194
10 0.278 0.242
11 0.67 0.482
12 0.368 0.682
13 0.675 0.771
14 0.822 0.202
15 0.766 0.305
16 0.884 0.353
end level

level 23
width 7
height 9
objects
0 0.64 0.837
1 0.805 0.062
2 0.728 0.78
3 0.087 0.478
4 0.837 0.763
5 0.109 0.332
6 0.156 0.697
7 0.103 0.097
8 0.184 0.262
9 0.249 0.837
10 0.694 0.191
11 0.497 0.758
12 0.088 0.589
13 0.329 0.694
14 0.871 0.937
15 0.628 0.715
16 0.258 0.475
17 0.907 0.262
18 0.745 0.638
19 0.659 0.252
20 0.912 0.081
21 0.154 0.814
22 0.264 0.615
links
1 0
2 1
3 2
4 3
4 0
6 5
7 6
8 7
9 8
10 9
10 5
12 11
13 12
14 13
14 11
16 15
17 16
18 17
18 15
20 19
21 20
22 21
22 19
result
0 0.156 0.697
1 0.154 0.814
2 0.497 0.758
3 0.912 0.081
4 0.329 0.694
5 0.088 0.589
6 0.264 0.615
7 0.659 0.252
8 0.109 0.332
9 0.258 0.475
10 0.087 0.478
11 0.184 0.262
12 0.694 0.191
13 0.805 0.062
14 0.103 0.097
15 0.249 0.837
16 0.871 0.937
17 0.728 0.78
18 0.64 0.837
19 0.628 0.715
20 0.745 0.638
21 0.837 0.763
22 0.907 0.262
end level

level 24
width 9
height 9
objects
0 0.499 0.174
1 0.712 0.548
2 0.548 0.934
3 0.291 0.375
4 0.573 0.296
5 0.177 0.452
6 0.458 0.801
7 0.818 0.524
8 0.394 0.065
9 0.407 0.671
10 0.065 0.541
11 0.934 0.428
links
1 0
2 1
3 2
3 0
5 4
6 5
7 4
9 8
7 6
10 9
11 10
11 8
result
0 0.065 0.541
1 0.394 0.065
2 0.934 0.428
3 0.548 0.934
4 0.177 0.452
5 0.499 0.174
6 0.818 0.524
7 0.458 0.801
8 0.291 0.375
9 0.573 0.296
10 0.712 0.548
11 0.407 0.671
end level

level 25
width 9
height 9
objects
0 0.342 0.691
1 0.501 0.669
2 0.896 0.86
3 0.368 0.386
4 0.067 0.431
5 0.472 0.307
7 0.486 0.598
8 0.478 0.107
9 0.605 0.374
6 0.702 0.571
10 0.392 0.572
11 0.933 0.393
12 0.593 0.536
13 0.15 0.892
14 0.239 0.482
15 0.679 0.671
16 0.543 0.45
17 0.44 0.459
18 0.731 0.434
19 0.285 0.594
links
1 0
2 1
3 2
4 3
5 4
8 7
9 8
9 0
6 7
6 5
11 10
12 11
13 12
14 13
15 14
16 15
17 16
18 17
19 18
19 10
result
0 0.368 0.386
1 0.478 0.107
2 0.605 0.374
3 0.933 0.393
4 0.702 0.571
5 0.896 0.86
7 0.15 0.892
8 0.285 0.594
9 0.067 0.431
6 0.501 0.669
10 0.472 0.307
11 0.44 0.459
12 0.239 0.482
13 0.392 0.572
14 0.342 0.691
15 0.486 0.598
16 0.679 0.671
17 0.593 0.536
18 0.731 0.434
19 0.543 0.45
end level

level 26
width 9
height 9
objects
0 0.199 0.768
1 0.403 0.575
2 0.876 0.186
3 0.577 0.793
4 0.784 0.214
5 0.135 0.89
6 0.188 0.444
7 0.123 0.354
8 0.814 0.866
9 0.696 0.109
links
1 0
2 1
3 2
3 0
4 0
4 2
3 4
6 5
7 6
8 7
9 8
9 5
result
0 0.199 0.768
1 0.188 0.444
2 0.784 0.214
3 0.403 0.575
4 0.577 0.793
5 0.876 0.186
6 0.814 0.866
7 0.135 0.89
8 0.123 0.354
9 0.696 0.109
end level

level 27
width 7
height 9
objects
0 0.629 0.456
1 0.509 0.098
2 0.524 0.19
3 0.521 0.901
4 0.5 0.819
5 0.852 0.512
6 0.061 0.477
7 0.166 0.467
8 0.506 0.638
9 0.939 0.513
links
1 0
2 1
3 2
3 0
4 0
4 3
5 3
5 4
1 4
7 6
8 7
9 8
9 6
result
0 0.524 0.19
1 0.166 0.467
2 0.5 0.819
3 0.852 0.512
4 0.506 0.638
5 0.629 0.456
6 0.061 0.477
7 0.509 0.098
8 0.939 0.513
9 0.521 0.901
end level

level 28
width 7
height 9
objects
0 0.835 0.403
1 0.875 0.079
2 0.232 0.727
3 0.26 0.473
4 0.387 0.072
5 0.536 0.741
6 0.494 0.654
7 0.612 0.467
8 0.868 0.724
9 0.513 0.389
10 0.125 0.928
links
1 0
2 1
3 2
4 3
5 4
6 5
7 6
8 7
9 8
10 9
10 0
10 2
8 4
9 3
7 5
result
0 0.387 0.072
1 0.875 0.079
2 0.513 0.389
3 0.835 0.403
4 0.494 0.654
5 0.868 0.724
6 0.125 0.928
7 0.536 0.741
8 0.232 0.727
9 0.612 0.467
10 0.26 0.473
end level

level 29
width 6
height 8
objects
0 0.23 0.932
1 0.52 0.418
2 0.648 0.539
3 0.508 0.242
4 0.045 0.476
5 0.278 0.094
6 0.523 0.81
7 0.241 0.473
8 0.907 0.565
9 0.776 0.522
10 0.746 0.934
11 0.446 0.532
12 0.746 0.093
links
1 0
2 1
3 2
4 3
5 4
5 0
7 6
8 7
9 8
9 6
11 10
12 11
12 10
result
0 0.278 0.094
1 0.746 0.093
2 0.907 0.565
3 0.746 0.934
4 0.23 0.932
5 0.045 0.476
6 0.241 0.473
7 0.508 0.242
8 0.776 0.522
9 0.523 0.81
10 0.446 0.532
11 0.648 0.539
12 0.52 0.418
end level


level 30
width 7
height 9
objects
0 0.765 0.406
1 0.285 0.664
2 0.855 0.678
3 0.503 0.567
4 0.434 0.481
5 0.511 0.823
6 0.493 0.176
7 0.547 0.272
8 0.224 0.568
9 0.144 0.664
10 0.224 0.412
11 0.781 0.587
12 0.505 0.76
13 0.732 0.673
14 0.565 0.482
15 0.146 0.366
16 0.497 0.501
17 0.436 0.279
18 0.85 0.373
links
1 0
2 1
3 2
4 3
5 4
5 0
6 2
6 0
6 4
8 7
9 8
10 9
10 7
12 11
13 12
14 13
14 11
16 15
17 16
18 17
18 15
result
0 0.493 0.176
1 0.146 0.366
2 0.144 0.664
3 0.511 0.823
4 0.855 0.678
5 0.85 0.373
6 0.497 0.501
7 0.285 0.664
8 0.503 0.567
9 0.732 0.673
10 0.505 0.76
11 0.436 0.279
12 0.434 0.481
13 0.224 0.568
14 0.224 0.412
15 0.547 0.272
16 0.565 0.482
17 0.781 0.587
18 0.765 0.406
end level

level 31
width 7
height 9
objects
0 0.893 0.696
1 0.169 0.834
2 0.343 0.619
3 0.892 0.157
4 0.74 0.516
5 0.232 0.151
6 0.749 0.584
7 0.436 0.467
8 0.327 0.072
9 0.379 0.413
10 0.106 0.553
11 0.735 0.447
12 0.515 0.927
13 0.271 0.678
14 0.54 0.73
15 0.872 0.891
16 0.614 0.409
links
1 0
2 1
3 2
4 3
5 4
6 5
7 6
8 0
10 9
11 10
12 11
13 12
14 13
15 14
15 9
5 0
16 8
16 7
result
0 0.169 0.834
1 0.106 0.553
2 0.232 0.151
3 0.614 0.409
4 0.379 0.413
5 0.271 0.678
6 0.749 0.584
7 0.872 0.891
8 0.515 0.927
9 0.436 0.467
10 0.343 0.619
11 0.74 0.516
12 0.893 0.696
13 0.892 0.157
14 0.327 0.072
15 0.735 0.447
16 0.54 0.73
end level

level 32
width 7
height 9
objects
0 0.493 0.314
1 0.22 0.56
2 0.812 0.151
3 0.43 0.507
4 0.745 0.549
5 0.823 0.299
6 0.286 0.499
7 0.835 0.626
8 0.113 0.311
9 0.128 0.903
10 0.257 0.335
11 0.185 0.08
12 0.6 0.583
13 0.707 0.341
14 0.478 0.152
15 0.396 0.737
16 0.809 0.896
17 0.539 0.462
18 0.886 0.248
19 0.575 0.267
20 0.321 0.118
21 0.483 0.919
22 0.298 0.834
23 0.333 0.672
links
1 0
2 1
3 2
4 3
5 4
6 5
6 0
8 7
9 8
10 9
11 10
12 11
13 12
14 13
15 14
15 7
17 16
18 17
19 18
20 19
21 20
22 21
23 22
23 16
14 10
result
0 0.812 0.151
1 0.478 0.152
2 0.575 0.267
3 0.823 0.299
4 0.745 0.549
5 0.835 0.626
6 0.886 0.248
7 0.185 0.08
8 0.321 0.118
9 0.493 0.314
10 0.707 0.341
11 0.6 0.583
12 0.809 0.896
13 0.396 0.737
14 0.539 0.462
15 0.257 0.335
16 0.113 0.311
17 0.286 0.499
18 0.43 0.507
19 0.333 0.672
20 0.298 0.834
21 0.483 0.919
22 0.128 0.903
23 0.22 0.56
end level

level 33
width 7
height 9
objects
0 0.57 0.75
1 0.273 0.819
2 0.723 0.224
3 0.817 0.559
4 0.328 0.724
5 0.531 0.221
6 0.28 0.571
7 0.554 0.097
8 0.104 0.199
9 0.415 0.702
10 0.191 0.412
11 0.232 0.11
12 0.778 0.83
13 0.264 0.259
14 0.68 0.282
15 0.895 0.425
16 0.74 0.086
17 0.506 0.332
18 0.381 0.114
19 0.163 0.913
20 0.376 0.311
21 0.139 0.287
22 0.824 0.689
23 0.833 0.829
links
1 0
2 1
3 2
4 3
5 4
6 5
7 6
8 7
9 8
10 9
11 10
12 11
13 12
14 13
14 0
16 15
17 16
17 15
19 18
20 19
20 18
22 21
23 22
23 21
result
0 0.104 0.199
1 0.833 0.829
2 0.376 0.311
3 0.824 0.689
4 0.531 0.221
5 0.817 0.559
6 0.68 0.282
7 0.895 0.425
8 0.74 0.086
9 0.554 0.097
10 0.723 0.224
11 0.381 0.114
12 0.506 0.332
13 0.232 0.11
14 0.264 0.259
15 0.139 0.287
16 0.778 0.83
17 0.163 0.913
18 0.191 0.412
19 0.273 0.819
20 0.57 0.75
21 0.28 0.571
22 0.328 0.724
23 0.415 0.702
end level

level 34
width 7
height 9
objects
0 0.912 0.182
1 0.454 0.344
2 0.448 0.529
3 0.153 0.155
4 0.431 0.927
5 0.476 0.272
6 0.538 0.072
7 0.81 0.888
8 0.109 0.854
9 0.85 0.504
10 0.577 0.272
11 0.087 0.419
12 0.624 0.365
13 0.563 0.447
14 0.378 0.454
15 0.663 0.47
links
1 0
2 1
3 2
4 3
5 4
6 5
7 6
8 7
9 8
10 9
11 10
12 11
13 12
14 13
15 14
15 0
14 4
12 10
0 2
result
0 0.378 0.454
1 0.109 0.854
2 0.448 0.529
3 0.431 0.927
4 0.563 0.447
5 0.81 0.888
6 0.663 0.47
7 0.85 0.504
8 0.624 0.365
9 0.912 0.182
10 0.577 0.272
11 0.538 0.072
12 0.476 0.272
13 0.153 0.155
14 0.454 0.344
15 0.087 0.419
end level

level 35
width 7
height 9
objects
0 0.294 0.248
1 0.098 0.789
2 0.907 0.777
3 0.273 0.067
4 0.654 0.802
5 0.092 0.167
6 0.245 0.732
7 0.304 0.336
8 0.614 0.239
9 0.381 0.934
10 0.818 0.427
11 0.794 0.062
12 0.668 0.359
13 0.122 0.229
14 0.678 0.079
15 0.327 0.846
16 0.609 0.305
17 0.088 0.932
18 0.938 0.058
19 0.737 0.332
20 0.845 0.941
21 0.899 0.326
22 0.503 0.734
23 0.478 0.411
24 0.769 0.642
25 0.142 0.667
26 0.271 0.94
27 0.654 0.916
28 0.534 0.215
29 0.638 0.587
30 0.061 0.402
31 0.36 0.481
links
1 0
2 1
3 2
3 0
5 4
6 5
7 6
7 4
9 8
10 9
11 10
12 11
13 12
14 13
15 14
15 8
17 16
18 17
19 18
20 19
20 16
22 21
23 22
24 23
25 24
26 25
26 21
28 27
29 28
30 29
31 30
31 27
result
0 0.092 0.167
1 0.534 0.215
2 0.678 0.079
3 0.273 0.067
4 0.122 0.229
5 0.061 0.402
6 0.142 0.667
7 0.304 0.336
8 0.294 0.248
9 0.478 0.411
10 0.327 0.846
11 0.381 0.934
12 0.654 0.916
13 0.503 0.734
14 0.638 0.587
15 0.609 0.305
16 0.614 0.239
17 0.794 0.062
18 0.938 0.058
19 0.899 0.326
20 0.737 0.332
21 0.668 0.359
22 0.818 0.427
23 0.907 0.777
24 0.845 0.941
25 0.654 0.802
26 0.769 0.642
27 0.36 0.481
28 0.098 0.789
29 0.088 0.932
30 0.271 0.94
31 0.245 0.732
end level

level 36
width 6
height 8
objects
0 0.14 0.246
1 0.128 0.921
2 0.787 0.911
3 0.871 0.095
4 0.158 0.321
5 0.799 0.246
6 0.485 0.49
7 0.144 0.751
8 0.233 0.078
9 0.817 0.728
10 0.798 0.319
11 0.77 0.669
12 0.172 0.674
links
1 0
2 1
3 2
3 0
5 4
6 5
6 4
7 5
8 7
8 5
10 9
11 10
12 11
12 9
result
0 0.144 0.751
1 0.128 0.921
2 0.787 0.911
3 0.817 0.728
4 0.172 0.674
5 0.485 0.49
6 0.77 0.669
7 0.158 0.321
8 0.798 0.319
9 0.14 0.246
10 0.233 0.078
11 0.871 0.095
12 0.799 0.246
end level

level 37
width 6
height 8
objects
0 0.262 0.519
1 0.129 0.202
2 0.884 0.808
3 0.115 0.811
4 0.748 0.463
5 0.532 0.595
6 0.869 0.188
7 0.474 0.394
links
1 0
2 1
3 2
3 0
4 0
4 1
5 2
5 3
5 4
6 5
6 4
7 4
7 5
result
0 0.129 0.202
1 0.869 0.188
2 0.884 0.808
3 0.115 0.811
4 0.474 0.394
5 0.532 0.595
6 0.262 0.519
7 0.748 0.463
end level

level 38
width 7
height 9
objects
0 0.648 0.824
1 0.83 0.375
2 0.262 0.324
3 0.71 0.605
4 0.749 0.152
5 0.503 0.715
6 0.656 0.476
7 0.137 0.222
8 0.277 0.395
9 0.348 0.404
10 0.471 0.906
11 0.294 0.916
12 0.79 0.843
13 0.337 0.112
14 0.294 0.698
15 0.459 0.651
16 0.424 0.516
17 0.125 0.498
18 0.49 0.135
19 0.103 0.719
20 0.364 0.57
21 0.076 0.271
22 0.253 0.635
23 0.6 0.781
24 0.074 0.083
25 0.124 0.872
26 0.337 0.514
27 0.094 0.576
28 0.331 0.22
29 0.453 0.454
30 0.925 0.912
31 0.585 0.539
32 0.82 0.708
33 0.427 0.259
34 0.3 0.473
35 0.103 0.436
36 0.363 0.765
links
1 0
2 1
3 2
4 3
5 4
6 5
7 6
8 7
9 8
10 9
11 10
12 11
13 12
14 13
15 14
16 15
17 16
18 17
19 18
20 19
21 20
22 21
23 22
24 23
25 24
26 25
27 26
27 0
29 28
30 29
31 30
32 31
33 32
34 33
35 34
36 35
36 28
result
0 0.424 0.516
1 0.348 0.404
2 0.331 0.22
3 0.074 0.083
4 0.137 0.222
5 0.262 0.324
6 0.277 0.395
7 0.076 0.271
8 0.103 0.436
9 0.3 0.473
10 0.337 0.514
11 0.125 0.498
12 0.094 0.576
13 0.364 0.57
14 0.459 0.651
15 0.252 0.635
16 0.103 0.719
17 0.124 0.872
18 0.294 0.698
19 0.503 0.715
20 0.6 0.781
21 0.363 0.765
22 0.294 0.916
23 0.471 0.906
24 0.648 0.824
25 0.79 0.843
26 0.925 0.912
27 0.82 0.708
28 0.585 0.539
29 0.71 0.605
30 0.83 0.375
31 0.749 0.152
32 0.656 0.476
33 0.49 0.135
34 0.337 0.112
35 0.427 0.259
36 0.453 0.454
end level

level 39
width 6
height 8
objects
0 0.127 0.903
1 0.523 0.51
2 0.62 0.215
3 0.942 0.415
4 0.099 0.38
5 0.434 0.223
6 0.239 0.064
7 0.059 0.227
8 0.964 0.268
9 0.778 0.051
10 0.827 0.905
links
1 0
2 1
2 0
3 2
4 3
4 2
5 2
6 5
6 2
7 2
8 7
8 2
9 2
10 9
10 2
result
0 0.059 0.227
1 0.239 0.064
2 0.523 0.51
3 0.434 0.223
4 0.62 0.215
5 0.778 0.051
6 0.964 0.268
7 0.099 0.38
8 0.127 0.903
9 0.827 0.905
10 0.942 0.415
end level

level 40
width 9
height 11
objects
0 0.393 0.753
1 0.73 0.287
2 0.714 0.71
3 0.633 0.753
4 0.164 0.578
5 0.65 0.11
6 0.1 0.415
7 0.284 0.199
8 0.11 0.769
9 0.393 0.081
10 0.899 0.518
11 0.426 0.944
12 0.532 0.154
13 0.274 0.721
14 0.767 0.537
15 0.225 0.666
16 0.691 0.842
17 0.744 0.804
18 0.347 0.798
19 0.34 0.734
20 0.588 0.289
21 0.489 0.069
22 0.171 0.819
23 0.818 0.626
24 0.213 0.338
25 0.408 0.404
26 0.851 0.217
27 0.633 0.403
28 0.383 0.172
29 0.154 0.913
30 0.319 0.548
31 0.249 0.822
32 0.268 0.081
33 0.599 0.942
34 0.55 0.761
35 0.76 0.939
36 0.64 0.215
37 0.767 0.055
38 0.818 0.458
39 0.127 0.219
40 0.631 0.828
41 0.817 0.809
42 0.376 0.273
43 0.208 0.493
links
1 0
2 1
3 2
4 3
5 4
6 5
7 6
8 7
9 8
10 9
11 10
12 11
13 12
14 13
15 14
16 15
17 16
18 17
19 18
20 19
21 20
22 21
23 22
24 23
25 24
26 25
27 26
28 27
29 28
30 29
31 30
32 31
33 32
34 33
35 34
36 35
37 36
38 37
39 38
40 39
41 40
42 41
43 42
43 0
result
0 0.319 0.548
1 0.408 0.404
2 0.633 0.403
3 0.767 0.537
4 0.818 0.458
5 0.73 0.287
6 0.588 0.289
7 0.532 0.154
8 0.64 0.215
9 0.65 0.11
10 0.489 0.069
11 0.767 0.055
12 0.851 0.217
13 0.899 0.518
14 0.818 0.626
15 0.714 0.71
16 0.817 0.809
17 0.76 0.939
18 0.744 0.804
19 0.633 0.753
20 0.691 0.842
21 0.599 0.942
22 0.631 0.828
23 0.55 0.761
24 0.393 0.753
25 0.347 0.798
26 0.426 0.944
27 0.249 0.822
28 0.34 0.734
29 0.274 0.721
30 0.171 0.819
31 0.154 0.913
32 0.11 0.769
33 0.225 0.666
34 0.164 0.578
35 0.1 0.415
36 0.127 0.219
37 0.268 0.081
38 0.393 0.081
39 0.284 0.199
40 0.383 0.172
41 0.376 0.273
42 0.213 0.338
43 0.208 0.493
end level

level 41
width 9
height 11
objects
0 0.111 0.718
1 0.492 0.667
2 0.297 0.259
4 0.596 0.288
5 0.541 0.362
6 0.205 0.169
7 0.709 0.518
8 0.682 0.169
9 0.096 0.458
11 0.903 0.622
12 0.135 0.608
14 0.901 0.151
16 0.647 0.409
17 0.425 0.352
18 0.687 0.312
19 0.575 0.843
20 0.868 0.734
21 0.546 0.089
22 0.722 0.639
23 0.824 0.304
24 0.29 0.388
13 0.301 0.581
25 0.444 0.901
15 0.165 0.839
26 0.29 0.91
10 0.712 0.864
27 0.536 0.197
3 0.134 0.287
28 0.312 0.792
links
2 1
6 5
7 6
8 7
9 8
12 11
14 0
16 2
17 16
18 17
19 18
19 1
20 11
21 20
22 21
22 12
5 23
4 23
24 1
24 0
13 14
25 13
25 12
15 1
26 15
26 12
10 9
27 10
27 11
3 4
28 3
28 2
3 10
result
0 0.165 0.839
1 0.135 0.608
2 0.29 0.388
4 0.596 0.288
5 0.546 0.089
6 0.682 0.169
7 0.901 0.151
8 0.824 0.304
9 0.687 0.312
11 0.722 0.639
12 0.575 0.843
14 0.312 0.792
16 0.297 0.259
17 0.205 0.169
18 0.134 0.287
19 0.096 0.458
20 0.903 0.622
21 0.868 0.734
22 0.712 0.864
23 0.536 0.197
24 0.111 0.718
13 0.29 0.91
25 0.444 0.901
15 0.301 0.581
26 0.492 0.667
10 0.647 0.409
27 0.709 0.518
3 0.541 0.362
28 0.425 0.352
end level

level 42
width 9
height 11
objects
0 0.37 0.623
1 0.866 0.709
2 0.83 0.865
3 0.523 0.94
4 0.542 0.795
5 0.192 0.839
6 0.403 0.509
7 0.663 0.452
8 0.496 0.423
9 0.585 0.271
10 0.44 0.354
11 0.583 0.507
12 0.197 0.646
13 0.895 0.462
14 0.261 0.89
15 0.443 0.61
16 0.806 0.929
17 0.697 0.778
18 0.797 0.775
19 0.166 0.54
20 0.642 0.627
21 0.89 0.303
22 0.326 0.207
23 0.73 0.243
24 0.827 0.165
25 0.27 0.333
26 0.385 0.898
27 0.54 0.052
28 0.196 0.121
29 0.907 0.895
30 0.4 0.768
31 0.61 0.728
32 0.092 0.266
33 0.338 0.947
34 0.511 0.859
35 0.448 0.264
36 0.756 0.687
37 0.577 0.369
38 0.538 0.621
39 0.707 0.076
40 0.798 0.567
41 0.094 0.792
42 0.35 0.416
43 0.231 0.769
44 0.372 0.058
45 0.309 0.695
46 0.741 0.343
47 0.155 0.913
48 0.642 0.851
49 0.311 0.811
50 0.293 0.589
51 0.097 0.427
links
2 1
3 2
4 3
5 4
6 5
7 6
8 7
9 8
10 9
11 10
12 11
13 12
14 13
15 14
16 15
17 16
18 17
19 18
20 19
21 20
22 21
23 22
24 23
25 24
26 25
27 26
28 27
29 28
30 29
31 30
32 31
33 32
34 33
35 34
36 35
37 36
38 37
38 0
0 1
40 39
41 40
42 41
43 42
43 39
45 44
46 45
48 47
48 44
50 49
51 50
51 49
47 46
result
0 0.54 0.052
1 0.707 0.076
2 0.827 0.165
3 0.89 0.303
4 0.895 0.462
5 0.798 0.567
6 0.642 0.627
7 0.756 0.687
8 0.866 0.709
9 0.907 0.895
10 0.806 0.929
11 0.83 0.865
12 0.797 0.775
13 0.697 0.778
14 0.61 0.728
15 0.538 0.621
16 0.542 0.795
17 0.642 0.851
18 0.523 0.94
19 0.338 0.947
20 0.261 0.89
21 0.385 0.898
22 0.511 0.859
23 0.4 0.768
24 0.443 0.61
25 0.37 0.623
26 0.309 0.695
27 0.311 0.811
28 0.192 0.839
29 0.155 0.913
30 0.094 0.792
31 0.231 0.769
32 0.197 0.646
33 0.293 0.589
34 0.166 0.54
35 0.097 0.427
36 0.092 0.266
37 0.196 0.121
38 0.372 0.058
39 0.448 0.264
40 0.326 0.207
41 0.27 0.333
42 0.35 0.416
43 0.44 0.354
44 0.585 0.271
45 0.73 0.243
46 0.741 0.343
47 0.663 0.452
48 0.577 0.369
49 0.496 0.423
50 0.403 0.509
51 0.583 0.507
end level

level 43
width 9
height 11
objects
0 0.425 0.317
1 0.254 0.759
2 0.529 0.584
3 0.664 0.628
4 0.782 0.06
5 0.213 0.457
6 0.498 0.837
7 0.554 0.823
8 0.112 0.239
9 0.603 0.702
10 0.147 0.742
11 0.173 0.312
12 0.095 0.352
13 0.28 0.834
14 0.159 0.89
15 0.882 0.101
16 0.838 0.387
17 0.709 0.299
18 0.525 0.459
19 0.273 0.133
20 0.699 0.485
21 0.23 0.276
22 0.591 0.614
23 0.388 0.479
24 0.5 0.335
25 0.313 0.469
26 0.186 0.651
27 0.358 0.729
28 0.778 0.913
29 0.904 0.634
30 0.621 0.939
31 0.611 0.407
32 0.395 0.121
33 0.466 0.774
links
1 0
2 1
3 2
4 3
5 4
6 5
7 6
8 7
9 8
10 9
11 10
12 11
12 0
14 13
15 14
16 15
17 16
18 17
19 18
20 19
21 20
22 21
23 22
24 23
25 24
26 25
26 13
28 27
29 28
30 29
31 30
32 31
33 32
33 27
23 15
2 4
21 17
32 29
result
0 0.591 0.614
1 0.611 0.407
2 0.5 0.335
3 0.882 0.101
4 0.709 0.299
5 0.838 0.387
6 0.699 0.485
7 0.904 0.634
8 0.664 0.628
9 0.778 0.913
10 0.554 0.823
11 0.603 0.702
12 0.358 0.729
13 0.425 0.317
14 0.525 0.459
15 0.529 0.584
16 0.254 0.759
17 0.466 0.774
18 0.498 0.837
19 0.621 0.939
20 0.159 0.89
21 0.28 0.834
22 0.147 0.742
23 0.388 0.479
24 0.23 0.276
25 0.395 0.121
26 0.782 0.06
27 0.273 0.133
28 0.173 0.312
29 0.313 0.469
30 0.186 0.651
31 0.213 0.457
32 0.095 0.352
33 0.112 0.239
end level

level 44
width 9
height 11
objects
0 0.806 0.255
1 0.171 0.281
2 0.097 0.293
3 0.186 0.062
4 0.277 0.334
5 0.658 0.937
6 0.776 0.558
7 0.836 0.595
8 0.669 0.758
9 0.331 0.744
10 0.902 0.118
11 0.1 0.141
12 0.829 0.335
13 0.452 0.82
14 0.716 0.654
15 0.747 0.187
16 0.201 0.514
17 0.326 0.345
18 0.398 0.423
19 0.253 0.423
20 0.493 0.829
21 0.481 0.748
22 0.254 0.504
23 0.599 0.478
24 0.132 0.923
25 0.518 0.259
26 0.674 0.213
27 0.434 0.601
28 0.704 0.476
29 0.291 0.42
30 0.184 0.621
31 0.444 0.668
32 0.356 0.592
33 0.273 0.612
34 0.439 0.536
links
1 0
2 1
3 2
4 3
5 4
6 5
7 6
9 8
10 9
10 11
0 11
13 12
14 13
15 14
16 15
17 16
18 17
18 12
8 19
7 19
21 20
22 21
23 22
24 23
25 24
26 25
27 26
28 27
29 28
29 20
31 30
32 31
33 32
34 33
34 30
22 25
6 1
13 18
28 22
result
0 0.253 0.423
1 0.434 0.601
2 0.747 0.187
3 0.902 0.118
4 0.806 0.255
5 0.599 0.478
6 0.444 0.668
7 0.356 0.592
8 0.097 0.293
9 0.1 0.141
10 0.171 0.281
11 0.277 0.334
12 0.326 0.345
13 0.291 0.42
14 0.439 0.536
15 0.674 0.213
16 0.186 0.062
17 0.518 0.259
18 0.398 0.423
19 0.254 0.504
20 0.201 0.514
21 0.273 0.612
22 0.481 0.748
23 0.704 0.476
24 0.829 0.335
25 0.776 0.558
26 0.452 0.82
27 0.132 0.923
28 0.331 0.744
29 0.184 0.621
30 0.716 0.654
31 0.493 0.829
32 0.669 0.758
33 0.658 0.937
34 0.836 0.595
end level

level 45
width 6
height 8
objects
0 0.873 0.517
1 0.279 0.118
2 0.405 0.918
3 0.403 0.244
4 0.756 0.081
5 0.691 0.409
6 0.326 0.41
7 0.575 0.822
8 0.126 0.565
9 0.58 0.204
10 0.592 0.542
11 0.722 0.711
12 0.848 0.872
13 0.34 0.621
links
1 0
2 1
3 2
3 0
5 4
6 5
7 6
7 4
9 8
10 9
11 10
12 11
13 12
13 8
result
0 0.403 0.244
1 0.326 0.41
2 0.691 0.409
3 0.58 0.204
4 0.34 0.621
5 0.592 0.542
6 0.722 0.711
7 0.575 0.822
8 0.405 0.918
9 0.126 0.565
10 0.279 0.118
11 0.756 0.081
12 0.873 0.517
13 0.848 0.872
end level

level 46
width 9
height 11
objects
0 0.344 0.19
1 0.774 0.655
2 0.559 0.908
3 0.234 0.772
4 0.225 0.091
5 0.754 0.898
6 0.192 0.595
7 0.672 0.241
8 0.908 0.771
9 0.654 0.491
10 0.35 0.457
11 0.091 0.498
12 0.578 0.742
13 0.459 0.174
14 0.373 0.815
15 0.294 0.333
16 0.475 0.346
17 0.798 0.782
18 0.564 0.415
19 0.183 0.89
20 0.197 0.411
21 0.426 0.368
22 0.643 0.661
23 0.75 0.151
24 0.608 0.878
25 0.774 0.434
26 0.303 0.49
27 0.86 0.342
28 0.608 0.402
29 0.557 0.531
30 0.378 0.315
31 0.407 0.55
32 0.378 0.405
33 0.544 0.283
34 0.726 0.353
35 0.378 0.247
36 0.486 0.784
37 0.483 0.092
links
1 0
2 1
3 2
4 3
5 4
5 0
7 6
8 7
9 8
10 9
11 10
12 11
13 12
13 6
15 14
16 15
17 16
18 17
19 18
20 19
21 20
22 21
23 22
24 23
26 25
26 14
28 27
29 28
30 29
31 30
32 31
33 32
34 33
25 24
35 34
36 35
37 36
37 14
15 27
result
0 0.294 0.333
1 0.378 0.247
2 0.475 0.346
3 0.557 0.531
4 0.426 0.368
5 0.378 0.315
6 0.344 0.19
7 0.197 0.411
8 0.35 0.457
9 0.378 0.405
10 0.578 0.742
11 0.654 0.491
12 0.564 0.415
13 0.544 0.283
14 0.225 0.091
15 0.091 0.498
16 0.303 0.49
17 0.234 0.772
18 0.407 0.55
19 0.486 0.784
20 0.608 0.878
21 0.798 0.782
22 0.643 0.661
23 0.774 0.434
24 0.608 0.402
25 0.672 0.241
26 0.459 0.174
27 0.192 0.595
28 0.183 0.89
29 0.373 0.815
30 0.559 0.908
31 0.754 0.898
32 0.908 0.771
33 0.774 0.655
34 0.86 0.342
35 0.726 0.353
36 0.75 0.151
37 0.483 0.092
end level

level 47
width 9
height 11
objects
0 0.157 0.534
1 0.539 0.888
2 0.202 0.093
3 0.641 0.915
4 0.842 0.81
5 0.402 0.084
6 0.42 0.184
7 0.646 0.728
8 0.26 0.248
9 0.309 0.174
10 0.322 0.702
11 0.744 0.651
12 0.608 0.259
13 0.166 0.811
14 0.483 0.215
15 0.828 0.474
16 0.371 0.488
17 0.56 0.495
18 0.704 0.207
19 0.656 0.115
20 0.327 0.869
21 0.513 0.567
22 0.656 0.565
23 0.388 0.745
links
1 0
2 1
3 2
3 0
5 4
6 5
7 6
8 7
9 8
10 9
11 10
11 4
13 12
14 13
15 14
16 15
16 12
18 17
19 18
20 19
21 20
22 21
23 22
23 17
result
0 0.26 0.248
1 0.157 0.534
2 0.166 0.811
3 0.322 0.702
4 0.202 0.093
5 0.309 0.174
6 0.371 0.488
7 0.388 0.745
8 0.327 0.869
9 0.539 0.888
10 0.513 0.567
11 0.42 0.184
12 0.402 0.084
13 0.656 0.115
14 0.608 0.259
15 0.656 0.565
16 0.483 0.215
17 0.704 0.207
18 0.744 0.651
19 0.646 0.728
20 0.56 0.495
21 0.641 0.915
22 0.842 0.81
23 0.828 0.474
end level

level 48
width 9
height 11
objects
0 0.231 0.325
1 0.262 0.758
2 0.197 0.391
3 0.389 0.26
4 0.509 0.387
5 0.335 0.238
6 0.123 0.29
7 0.684 0.305
8 0.464 0.33
9 0.315 0.502
10 0.67 0.221
11 0.298 0.873
12 0.89 0.283
13 0.837 0.485
14 0.612 0.61
15 0.788 0.895
16 0.599 0.487
17 0.539 0.238
18 0.838 0.689
19 0.337 0.385
20 0.83 0.791
21 0.489 0.508
22 0.244 0.242
23 0.701 0.179
24 0.755 0.242
25 0.527 0.766
26 0.345 0.32
27 0.698 0.377
28 0.52 0.104
29 0.882 0.591
30 0.146 0.483
31 0.833 0.366
32 0.265 0.173
33 0.615 0.895
34 0.446 0.891
35 0.845 0.138
36 0.444 0.649
37 0.158 0.652
38 0.109 0.42
links
1 0
2 1
3 2
4 3
5 4
6 5
7 6
8 7
9 8
10 9
11 10
12 11
13 12
13 0
15 14
16 15
17 16
18 17
19 18
20 19
21 20
22 21
23 22
24 23
24 14
26 25
27 26
28 27
29 28
30 29
31 30
32 31
33 32
33 25
35 34
36 35
37 36
38 37
38 34
result
0 0.265 0.173
1 0.67 0.221
2 0.464 0.33
3 0.698 0.377
4 0.489 0.508
5 0.882 0.591
6 0.527 0.766
7 0.298 0.873
8 0.262 0.758
9 0.612 0.61
10 0.315 0.502
11 0.509 0.387
12 0.345 0.32
13 0.539 0.238
14 0.335 0.238
15 0.389 0.26
16 0.231 0.325
17 0.337 0.385
18 0.146 0.483
19 0.444 0.649
20 0.158 0.652
21 0.109 0.42
22 0.197 0.391
23 0.123 0.29
24 0.244 0.242
25 0.52 0.104
26 0.701 0.179
27 0.684 0.305
28 0.833 0.366
29 0.599 0.487
30 0.837 0.485
31 0.89 0.283
32 0.755 0.242
33 0.845 0.138
34 0.838 0.689
35 0.446 0.891
36 0.615 0.895
37 0.788 0.895
38 0.83 0.791
end level

level 49
width 9
height 11
objects
0 0.697 0.612
1 0.122 0.399
2 0.21 0.606
3 0.233 0.705
4 0.174 0.788
5 0.872 0.294
6 0.331 0.136
7 0.293 0.658
8 0.142 0.542
9 0.332 0.493
10 0.369 0.574
11 0.691 0.899
12 0.8 0.342
13 0.848 0.816
14 0.79 0.254
15 0.818 0.198
16 0.643 0.213
17 0.743 0.355
18 0.473 0.868
19 0.341 0.727
20 0.381 0.292
21 0.84 0.387
22 0.389 0.383
23 0.493 0.458
24 0.754 0.68
25 0.663 0.11
26 0.696 0.218
27 0.586 0.387
28 0.565 0.1
29 0.169 0.288
30 0.494 0.131
31 0.409 0.806
32 0.486 0.617
33 0.208 0.438
34 0.877 0.13
35 0.654 0.719
36 0.374 0.665
links
1 0
2 1
3 2
4 3
5 4
6 5
7 6
8 7
9 8
10 9
11 10
12 11
13 12
14 13
15 14
16 15
17 16
18 17
19 18
20 19
21 20
22 21
22 0
24 23
25 24
26 25
27 26
28 27
28 23
30 29
31 30
32 31
33 32
33 29
35 34
36 35
36 34
result
0 0.169 0.288
1 0.331 0.136
2 0.494 0.131
3 0.643 0.213
4 0.743 0.355
5 0.697 0.612
6 0.409 0.806
7 0.174 0.788
8 0.142 0.542
9 0.389 0.383
10 0.493 0.458
11 0.374 0.665
12 0.293 0.658
13 0.369 0.574
14 0.332 0.493
15 0.21 0.606
16 0.233 0.705
17 0.341 0.727
18 0.486 0.617
19 0.586 0.387
20 0.381 0.292
21 0.208 0.438
22 0.122 0.399
23 0.654 0.719
24 0.473 0.868
25 0.691 0.899
26 0.848 0.816
27 0.84 0.387
28 0.754 0.68
29 0.565 0.1
30 0.79 0.254
31 0.872 0.294
32 0.8 0.342
33 0.696 0.218
34 0.663 0.11
35 0.818 0.198
36 0.877 0.13
end level

level 50
width 9
height 11
objects
0 0.862 0.584
1 0.643 0.597
2 0.43 0.461
3 0.494 0.584
4 0.154 0.766
5 0.892 0.42
6 0.36 0.717
7 0.74 0.702
8 0.795 0.184
9 0.284 0.37
10 0.847 0.766
11 0.536 0.738
12 0.352 0.154
13 0.717 0.398
14 0.575 0.45
15 0.29 0.83
16 0.528 0.845
17 0.305 0.537
18 0.111 0.664
19 0.228 0.627
20 0.107 0.37
21 0.779 0.812
22 0.549 0.297
links
1 0
2 1
3 2
4 3
5 4
6 5
7 6
8 7
9 8
9 0
10 4
11 10
12 11
13 12
14 13
14 1
16 15
17 16
18 17
19 18
20 19
21 20
22 21
22 3
15 20
result
0 0.111 0.664
1 0.228 0.627
2 0.36 0.717
3 0.536 0.738
4 0.74 0.702
5 0.847 0.766
6 0.779 0.812
7 0.528 0.845
8 0.29 0.83
9 0.154 0.766
10 0.862 0.584
11 0.892 0.42
12 0.795 0.184
13 0.352 0.154
14 0.107 0.37
15 0.575 0.45
16 0.43 0.461
17 0.494 0.584
18 0.643 0.597
19 0.717 0.398
20 0.549 0.297
21 0.284 0.37
22 0.305 0.537
end level

level 51
width 9
height 11
objects
0 0.659 0.844
1 0.339 0.539
2 0.656 0.623
3 0.436 0.471
4 0.726 0.536
5 0.547 0.668
6 0.885 0.38
7 0.768 0.65
8 0.471 0.396
9 0.556 0.813
10 0.295 0.265
11 0.181 0.284
12 0.896 0.884
13 0.762 0.152
14 0.099 0.634
15 0.188 0.917
16 0.9 0.478
17 0.753 0.365
18 0.864 0.55
19 0.336 0.671
20 0.32 0.389
21 0.837 0.767
22 0.265 0.456
24 0.787 0.601
23 0.508 0.167
25 0.393 0.289
26 0.755 0.787
27 0.26 0.677
28 0.665 0.329
29 0.188 0.366
30 0.217 0.612
31 0.703 0.594
32 0.447 0.082
33 0.299 0.858
links
1 0
2 1
3 2
4 3
5 4
6 5
6 0
8 7
9 8
10 9
11 10
12 11
13 12
14 13
14 7
17 16
18 17
18 15
20 19
21 20
22 21
22 19
16 24
15 24
25 23
26 25
26 23
28 27
29 28
30 29
30 27
32 31
33 32
33 31
result
0 0.181 0.284
1 0.447 0.082
2 0.762 0.152
3 0.885 0.38
4 0.726 0.536
5 0.339 0.539
6 0.32 0.389
7 0.188 0.366
8 0.265 0.456
9 0.217 0.612
10 0.656 0.623
11 0.659 0.844
12 0.188 0.917
13 0.26 0.677
14 0.099 0.634
15 0.703 0.594
16 0.755 0.787
17 0.896 0.884
18 0.9 0.478
19 0.336 0.671
20 0.547 0.668
21 0.556 0.813
22 0.299 0.858
24 0.768 0.65
23 0.787 0.601
25 0.837 0.767
26 0.864 0.55
27 0.436 0.471
28 0.753 0.365
29 0.508 0.167
30 0.295 0.265
31 0.393 0.289
32 0.665 0.329
33 0.471 0.396
end level

level 52
width 9
height 11
objects
0 0.251 0.61
1 0.814 0.265
2 0.491 0.708
3 0.489 0.85
4 0.725 0.129
5 0.314 0.773
6 0.664 0.65
7 0.843 0.528
8 0.334 0.349
9 0.435 0.498
10 0.642 0.794
11 0.396 0.4
12 0.25 0.255
13 0.679 0.438
14 0.767 0.288
15 0.757 0.938
16 0.804 0.447
17 0.494 0.126
18 0.329 0.177
19 0.754 0.771
20 0.538 0.543
21 0.874 0.139
22 0.217 0.5
23 0.172 0.241
24 0.284 0.136
25 0.745 0.085
26 0.249 0.383
27 0.894 0.351
28 0.386 0.642
29 0.587 0.342
30 0.139 0.471
31 0.223 0.881
32 0.103 0.212
33 0.124 0.633
34 0.715 0.67
35 0.896 0.86
36 0.201 0.061
37 0.831 0.642
38 0.672 0.165
links
1 0
2 1
3 2
4 3
5 4
6 5
7 6
8 7
9 8
10 9
11 10
12 11
12 0
14 13
15 14
16 15
17 16
18 17
19 18
20 19
21 20
21 13
23 22
24 23
25 24
26 25
27 26
28 27
29 28
30 29
31 30
32 31
33 32
34 33
35 34
36 35
37 36
38 37
38 22
12 3
result
0 0.334 0.349
1 0.25 0.255
2 0.329 0.177
3 0.672 0.165
4 0.767 0.288
5 0.679 0.438
6 0.538 0.543
7 0.386 0.642
8 0.314 0.773
9 0.223 0.881
10 0.251 0.61
11 0.435 0.498
12 0.587 0.342
13 0.396 0.4
14 0.249 0.383
15 0.172 0.241
16 0.284 0.136
17 0.201 0.061
18 0.103 0.212
19 0.139 0.471
20 0.124 0.633
21 0.217 0.5
22 0.494 0.126
23 0.725 0.129
24 0.814 0.265
25 0.804 0.447
26 0.491 0.708
27 0.489 0.85
28 0.757 0.938
29 0.896 0.86
30 0.831 0.642
31 0.715 0.67
32 0.754 0.771
33 0.642 0.794
34 0.664 0.65
35 0.843 0.528
36 0.894 0.351
37 0.874 0.139
38 0.745 0.085
end level

level 53
width 9
height 11
objects
0 0.486 0.654
1 0.394 0.132
2 0.487 0.466
3 0.8 0.231
4 0.648 0.337
5 0.151 0.199
6 0.406 0.459
7 0.098 0.425
8 0.677 0.867
9 0.671 0.783
10 0.21 0.445
11 0.707 0.72
12 0.34 0.741
13 0.608 0.548
14 0.901 0.527
15 0.864 0.782
17 0.82 0.704
18 0.361 0.498
19 0.506 0.413
20 0.161 0.698
21 0.84 0.494
22 0.572 0.389
23 0.349 0.846
24 0.45 0.547
25 0.266 0.418
26 0.404 0.354
27 0.371 0.683
16 0.381 0.224
28 0.417 0.287
29 0.741 0.32
30 0.689 0.622
links
1 0
2 1
3 2
4 3
5 4
6 5
7 6
8 7
9 8
10 9
11 10
12 11
13 12
14 13
15 14
17 0
18 17
19 18
20 19
21 20
22 21
23 22
24 23
25 24
26 25
27 26
16 27
28 16
29 28
30 29
30 15
result
0 0.506 0.413
1 0.406 0.459
2 0.45 0.547
3 0.608 0.548
4 0.648 0.337
5 0.417 0.287
6 0.266 0.418
7 0.371 0.683
8 0.707 0.72
9 0.84 0.494
10 0.8 0.231
11 0.394 0.132
12 0.151 0.199
13 0.098 0.425
14 0.161 0.698
15 0.349 0.846
17 0.487 0.466
18 0.572 0.389
19 0.404 0.354
20 0.361 0.498
21 0.486 0.654
22 0.689 0.622
23 0.741 0.32
24 0.381 0.224
25 0.21 0.445
26 0.34 0.741
27 0.671 0.783
16 0.82 0.704
28 0.901 0.527
29 0.864 0.782
30 0.677 0.867
end level

level 54
width 9
height 11
objects
0 0.518 0.335
1 0.843 0.868
2 0.347 0.179
3 0.733 0.88
4 0.255 0.081
5 0.5 0.513
6 0.743 0.092
7 0.327 0.835
8 0.593 0.781
9 0.586 0.438
10 0.464 0.142
11 0.266 0.336
12 0.188 0.536
13 0.891 0.305
14 0.525 0.793
15 0.477 0.088
16 0.671 0.338
17 0.298 0.918
18 0.108 0.747
19 0.68 0.659
20 0.418 0.713
21 0.627 0.181
22 0.231 0.227
23 0.792 0.454
24 0.235 0.712
25 0.323 0.452
26 0.872 0.153
27 0.339 0.274
28 0.52 0.216
links
1 0
2 1
3 2
4 3
5 4
6 5
7 6
8 7
9 8
10 9
11 10
12 11
13 12
14 13
15 14
15 0
17 16
18 17
19 18
20 19
21 20
22 21
23 22
24 23
25 24
26 25
26 16
27 26
28 27
28 25
11 4
result
0 0.255 0.081
1 0.464 0.142
2 0.339 0.274
3 0.518 0.335
4 0.5 0.513
5 0.525 0.793
6 0.298 0.918
7 0.108 0.747
8 0.235 0.712
9 0.327 0.835
10 0.418 0.713
11 0.188 0.536
12 0.323 0.452
13 0.266 0.336
14 0.231 0.227
15 0.347 0.179
16 0.477 0.088
17 0.52 0.216
18 0.671 0.338
19 0.586 0.438
20 0.593 0.781
21 0.733 0.88
22 0.843 0.868
23 0.68 0.659
24 0.792 0.454
25 0.891 0.305
26 0.627 0.181
27 0.743 0.092
28 0.872 0.153
end level

level 55
width 9
height 11
objects
0 0.806 0.073
1 0.225 0.111
2 0.356 0.716
3 0.603 0.765
4 0.493 0.813
5 0.857 0.378
6 0.555 0.259
7 0.341 0.233
8 0.38 0.547
9 0.445 0.369
10 0.727 0.231
11 0.697 0.511
12 0.702 0.116
13 0.854 0.589
14 0.77 0.911
15 0.615 0.559
16 0.124 0.541
17 0.488 0.68
18 0.886 0.185
19 0.518 0.939
20 0.245 0.854
21 0.865 0.772
22 0.518 0.468
23 0.575 0.658
24 0.113 0.336
25 0.435 0.06
26 0.736 0.475
27 0.316 0.474
28 0.18 0.716
links
1 0
2 1
3 2
4 3
5 4
6 5
7 6
7 0
8 0
9 8
10 9
11 10
12 11
13 12
14 13
15 14
16 15
17 16
17 0
18 0
19 18
20 19
21 20
22 21
23 22
24 23
25 24
27 26
27 0
26 28
25 28
0 3
27 20
17 10
result
0 0.518 0.468
1 0.445 0.369
2 0.555 0.259
3 0.727 0.231
4 0.806 0.073
5 0.886 0.185
6 0.857 0.378
7 0.736 0.475
8 0.697 0.511
9 0.854 0.589
10 0.865 0.772
11 0.77 0.911
12 0.518 0.939
13 0.245 0.854
14 0.493 0.813
15 0.603 0.765
16 0.575 0.658
17 0.615 0.559
18 0.488 0.68
19 0.356 0.716
20 0.18 0.716
21 0.124 0.541
22 0.113 0.336
23 0.225 0.111
24 0.435 0.06
25 0.702 0.116
26 0.316 0.474
27 0.38 0.547
28 0.341 0.233
end level

level 56
width 9
height 11
objects
0 0.45 0.335
1 0.657 0.11
2 0.508 0.194
3 0.715 0.249
4 0.201 0.88
5 0.235 0.792
6 0.572 0.326
7 0.759 0.659
8 0.191 0.665
9 0.439 0.146
10 0.846 0.211
11 0.103 0.71
12 0.348 0.614
13 0.418 0.472
14 0.553 0.633
15 0.274 0.393
16 0.294 0.707
17 0.181 0.231
18 0.186 0.541
19 0.652 0.487
20 0.283 0.279
21 0.9 0.486
22 0.713 0.861
23 0.858 0.738
24 0.534 0.768
25 0.794 0.444
26 0.441 0.889
27 0.099 0.652
28 0.249 0.471
links
1 0
2 1
3 2
4 3
5 4
6 5
7 6
8 7
9 8
10 9
11 10
12 11
13 12
14 13
15 14
16 15
17 16
18 17
19 18
19 9
20 0
21 20
22 21
23 22
24 23
25 24
26 25
27 26
28 27
28 7
result
0 0.418 0.472
1 0.274 0.393
2 0.283 0.279
3 0.508 0.194
4 0.715 0.249
5 0.794 0.444
6 0.759 0.659
7 0.534 0.768
8 0.235 0.792
9 0.099 0.652
10 0.181 0.231
11 0.439 0.146
12 0.657 0.11
13 0.846 0.211
14 0.9 0.486
15 0.858 0.738
16 0.713 0.861
17 0.441 0.889
18 0.201 0.88
19 0.103 0.71
20 0.45 0.335
21 0.572 0.326
22 0.652 0.487
23 0.553 0.633
24 0.348 0.614
25 0.249 0.471
26 0.186 0.541
27 0.191 0.665
28 0.294 0.707
end level

level 57
width 9
height 11
objects
0 0.26 0.222
1 0.428 0.788
2 0.483 0.302
3 0.683 0.585
4 0.205 0.41
5 0.164 0.465
6 0.291 0.32
7 0.325 0.7
8 0.2 0.518
9 0.563 0.615
10 0.195 0.754
11 0.638 0.304
12 0.423 0.672
13 0.601 0.234
14 0.517 0.236
15 0.318 0.585
16 0.818 0.382
17 0.069 0.549
18 0.835 0.772
19 0.459 0.73
20 0.418 0.431
21 0.798 0.232
22 0.531 0.507
23 0.291 0.47
24 0.801 0.542
25 0.428 0.502
26 0.106 0.385
27 0.736 0.632
28 0.823 0.616
29 0.249 0.672
30 0.293 0.536
31 0.704 0.889
32 0.338 0.781
33 0.561 0.097
34 0.717 0.542
35 0.596 0.704
36 0.369 0.902
37 0.683 0.455
38 0.545 0.335
39 0.93 0.562
links
1 0
2 1
3 2
4 3
5 4
6 5
7 6
8 7
9 8
9 0
11 10
12 11
13 12
14 13
15 14
16 15
17 16
18 17
19 18
19 10
21 20
22 21
23 22
24 23
25 24
26 25
27 26
28 27
29 28
29 20
31 30
32 31
33 32
34 33
35 34
36 35
37 36
38 37
39 38
39 30
result
0 0.517 0.236
1 0.561 0.097
2 0.601 0.234
3 0.798 0.232
4 0.638 0.304
5 0.683 0.455
6 0.545 0.335
7 0.418 0.431
8 0.483 0.302
9 0.26 0.222
10 0.717 0.542
11 0.818 0.382
12 0.801 0.542
13 0.93 0.562
14 0.823 0.616
15 0.835 0.772
16 0.736 0.632
17 0.596 0.704
18 0.683 0.585
19 0.531 0.507
20 0.325 0.7
21 0.318 0.585
22 0.423 0.672
23 0.563 0.615
24 0.459 0.73
25 0.704 0.889
26 0.428 0.788
27 0.369 0.902
28 0.338 0.781
29 0.195 0.754
30 0.205 0.41
31 0.291 0.32
32 0.291 0.47
33 0.428 0.502
34 0.293 0.536
35 0.249 0.672
36 0.2 0.518
37 0.069 0.549
38 0.164 0.465
39 0.106 0.385
end level

level 58
width 9
height 11
objects
0 0.502 0.109
1 0.541 0.612
2 0.885 0.284
3 0.106 0.625
4 0.739 0.1
5 0.483 0.522
6 0.576 0.188
7 0.203 0.292
8 0.389 0.637
10 0.123 0.303
11 0.342 0.549
12 0.615 0.494
13 0.28 0.487
14 0.744 0.292
15 0.904 0.712
16 0.597 0.371
17 0.223 0.716
18 0.879 0.467
19 0.463 0.364
20 0.248 0.35
21 0.306 0.158
22 0.703 0.687
23 0.353 0.827
24 0.095 0.498
25 0.732 0.577
26 0.83 0.899
links
1 0
2 1
3 2
4 3
5 4
6 5
7 6
8 7
11 10
12 11
13 12
14 13
14 0
15 13
16 15
17 16
18 17
18 3
19 12
20 19
21 20
22 21
22 16
23 10
24 23
25 24
8 26
26 25
26 10
2 15
3 6
result
0 0.541 0.612
1 0.483 0.522
2 0.463 0.364
3 0.576 0.188
4 0.739 0.1
5 0.885 0.284
6 0.744 0.292
7 0.597 0.371
8 0.615 0.494
10 0.703 0.687
11 0.353 0.827
12 0.223 0.716
13 0.342 0.549
14 0.389 0.637
15 0.28 0.487
16 0.248 0.35
17 0.306 0.158
18 0.502 0.109
19 0.106 0.625
20 0.095 0.498
21 0.123 0.303
22 0.203 0.292
23 0.83 0.899
24 0.904 0.712
25 0.879 0.467
26 0.732 0.577
end level

level 59
width 9
height 11
objects
0 0.072 0.799
1 0.741 0.364
2 0.418 0.25
3 0.557 0.109
4 0.295 0.246
5 0.35 0.284
6 0.283 0.878
7 0.818 0.104
8 0.672 0.108
9 0.849 0.389
10 0.219 0.582
11 0.574 0.895
12 0.596 0.284
13 0.927 0.195
14 0.228 0.471
15 0.689 0.861
16 0.881 0.58
17 0.31 0.368
18 0.215 0.151
19 0.799 0.165
20 0.875 0.132
21 0.096 0.741
22 0.417 0.439
23 0.686 0.237
24 0.242 0.666
25 0.185 0.741
26 0.598 0.15
27 0.738 0.418
28 0.693 0.405
29 0.365 0.612
30 0.082 0.106
31 0.408 0.688
32 0.171 0.859
33 0.36 0.558
34 0.66 0.351
35 0.752 0.237
36 0.136 0.242
37 0.479 0.574
38 0.72 0.618
39 0.088 0.368
40 0.606 0.673
41 0.658 0.476
42 0.811 0.293
links
1 0
2 1
3 2
4 3
5 4
6 5
7 6
8 7
9 8
10 9
11 10
12 11
13 12
14 13
14 0
16 15
17 16
18 17
19 18
20 19
21 20
22 21
23 22
24 23
25 24
26 25
27 26
28 27
28 15
30 29
31 30
32 31
33 32
34 33
35 34
35 29
37 36
38 37
39 38
40 39
41 40
42 41
42 36
5 11
31 35
36 39
19 23
25 17
result
0 0.598 0.15
1 0.418 0.25
2 0.596 0.284
3 0.228 0.471
4 0.36 0.558
5 0.479 0.574
6 0.408 0.688
7 0.185 0.741
8 0.283 0.878
9 0.574 0.895
10 0.606 0.673
11 0.658 0.476
12 0.417 0.439
13 0.66 0.351
14 0.686 0.237
15 0.672 0.108
16 0.752 0.237
17 0.741 0.364
18 0.693 0.405
19 0.738 0.418
20 0.72 0.618
21 0.689 0.861
22 0.881 0.58
23 0.849 0.389
24 0.927 0.195
25 0.811 0.293
26 0.875 0.132
27 0.799 0.165
28 0.818 0.104
29 0.082 0.106
30 0.557 0.109
31 0.295 0.246
32 0.35 0.284
33 0.31 0.368
34 0.136 0.242
35 0.215 0.151
36 0.219 0.582
37 0.365 0.612
38 0.242 0.666
39 0.096 0.741
40 0.171 0.859
41 0.072 0.799
42 0.088 0.368
end level

level 60
width 9
height 11
objects
0 0.756 0.37
1 0.899 0.87
2 0.373 0.507
3 0.068 0.525
4 0.617 0.589
5 0.686 0.306
6 0.877 0.441
7 0.202 0.759
8 0.327 0.694
9 0.59 0.439
10 0.393 0.588
11 0.275 0.262
12 0.413 0.406
13 0.572 0.882
14 0.691 0.743
15 0.645 0.269
16 0.474 0.935
17 0.1 0.576
18 0.788 0.613
19 0.383 0.317
20 0.796 0.781
21 0.744 0.666
22 0.548 0.064
23 0.65 0.176
24 0.402 0.181
25 0.417 0.283
26 0.293 0.425
27 0.395 0.804
28 0.842 0.18
29 0.649 0.776
30 0.149 0.819
31 0.514 0.35
32 0.931 0.52
33 0.164 0.158
34 0.381 0.733
35 0.666 0.5
36 0.508 0.494
37 0.787 0.239
38 0.225 0.681
39 0.339 0.402
40 0.514 0.648
41 0.816 0.401
42 0.163 0.659
43 0.109 0.465
44 0.872 0.589
links
1 0
2 1
3 2
3 0
4 0
5 4
6 5
6 0
7 0
8 7
10 0
11 10
12 11
12 0
0 9
14 13
15 14
16 15
16 13
18 17
19 18
20 19
20 17
22 21
23 22
24 23
24 21
26 25
27 26
28 27
28 25
30 29
31 30
32 31
32 29
34 33
35 34
36 35
36 33
9 8
38 37
39 38
40 39
40 37
42 41
43 42
44 43
44 41
result
0 0.508 0.494
1 0.645 0.269
2 0.842 0.18
3 0.816 0.401
4 0.788 0.613
5 0.899 0.87
6 0.649 0.776
7 0.381 0.733
8 0.149 0.819
9 0.163 0.659
10 0.293 0.425
11 0.164 0.158
12 0.417 0.283
13 0.109 0.465
14 0.068 0.525
15 0.1 0.576
16 0.373 0.507
17 0.514 0.648
18 0.395 0.804
19 0.474 0.935
20 0.572 0.882
21 0.666 0.5
22 0.877 0.441
23 0.931 0.52
24 0.872 0.589
25 0.548 0.064
26 0.402 0.181
27 0.514 0.35
28 0.65 0.176
29 0.275 0.262
30 0.339 0.402
31 0.413 0.406
32 0.383 0.317
33 0.686 0.306
34 0.59 0.439
35 0.756 0.37
36 0.787 0.239
37 0.225 0.681
38 0.202 0.759
39 0.327 0.694
40 0.393 0.588
41 0.617 0.589
42 0.691 0.743
43 0.796 0.781
44 0.744 0.666
end level

level 61
width 9
height 11
objects
0 0.425 0.101
1 0.836 0.693
2 0.202 0.817
3 0.543 0.393
4 0.672 0.5
5 0.659 0.643
6 0.262 0.617
7 0.185 0.513
8 0.452 0.615
9 0.181 0.273
10 0.763 0.402
11 0.411 0.284
12 0.408 0.761
13 0.825 0.614
14 0.249 0.418
15 0.787 0.907
16 0.063 0.301
17 0.903 0.681
18 0.713 0.318
19 0.544 0.195
20 0.139 0.899
21 0.944 0.34
22 0.35 0.479
23 0.337 0.537
24 0.105 0.703
25 0.055 0.824
26 0.471 0.142
27 0.193 0.586
28 0.498 0.313
29 0.737 0.57
30 0.881 0.34
31 0.5 0.71
32 0.581 0.572
33 0.103 0.393
34 0.338 0.614
35 0.657 0.24
36 0.345 0.836
37 0.622 0.797
38 0.823 0.251
39 0.666 0.048
40 0.691 0.112
41 0.115 0.951
42 0.758 0.109
43 0.553 0.474
44 0.396 0.932
45 0.252 0.333
46 0.353 0.24
47 0.803 0.828
48 0.457 0.903
links
1 0
2 1
3 2
4 3
5 4
6 5
7 6
8 7
8 0
10 9
11 10
12 11
13 12
14 13
14 9
16 15
17 16
18 17
19 18
20 19
21 20
22 21
23 22
23 15
25 24
26 25
27 26
28 27
28 24
30 29
31 30
32 31
33 32
33 29
35 34
36 35
37 36
37 34
39 38
40 39
41 40
42 41
43 42
44 43
45 44
46 45
47 46
48 47
48 38
result
0 0.353 0.24
1 0.181 0.273
2 0.103 0.393
3 0.185 0.513
4 0.35 0.479
5 0.543 0.393
6 0.657 0.24
7 0.691 0.112
8 0.471 0.142
9 0.713 0.318
10 0.553 0.474
11 0.452 0.615
12 0.659 0.643
13 0.825 0.614
14 0.881 0.34
15 0.337 0.537
16 0.193 0.586
17 0.105 0.703
18 0.139 0.899
19 0.457 0.903
20 0.803 0.828
21 0.836 0.693
22 0.5 0.71
23 0.338 0.614
24 0.252 0.333
25 0.249 0.418
26 0.498 0.313
27 0.544 0.195
28 0.411 0.284
29 0.262 0.617
30 0.202 0.817
31 0.345 0.836
32 0.622 0.797
33 0.408 0.761
34 0.581 0.572
35 0.737 0.57
36 0.763 0.402
37 0.672 0.5
38 0.425 0.101
39 0.063 0.301
40 0.055 0.824
41 0.115 0.951
42 0.396 0.932
43 0.787 0.907
44 0.903 0.681
45 0.944 0.34
46 0.823 0.251
47 0.758 0.109
48 0.666 0.048
end level

level 62
width 9
height 11
objects
0 0.644 0.933
1 0.55 0.126
2 0.723 0.159
3 0.259 0.307
4 0.398 0.953
5 0.195 0.187
6 0.699 0.215
7 0.238 0.792
8 0.545 0.202
9 0.146 0.512
10 0.365 0.118
11 0.791 0.271
12 0.685 0.325
13 0.336 0.265
14 0.225 0.861
15 0.479 0.669
16 0.777 0.21
17 0.389 0.754
18 0.076 0.798
19 0.439 0.32
20 0.923 0.208
21 0.419 0.2
22 0.684 0.501
23 0.718 0.867
24 0.302 0.593
25 0.908 0.265
26 0.849 0.046
27 0.377 0.475
28 0.804 0.684
29 0.919 0.779
30 0.31 0.148
31 0.249 0.71
32 0.503 0.496
33 0.917 0.453
34 0.591 0.719
35 0.525 0.077
36 0.482 0.869
37 0.807 0.516
38 0.105 0.709
39 0.805 0.427
40 0.369 0.594
41 0.55 0.823
42 0.115 0.937
links
1 0
2 1
3 2
4 3
5 4
6 5
7 6
8 7
9 8
10 9
11 10
12 11
13 12
14 13
15 14
16 15
17 16
18 17
19 18
20 19
21 20
22 21
23 22
23 0
25 24
26 25
27 26
28 27
29 28
30 29
31 30
32 31
32 24
34 33
35 34
36 35
37 36
38 37
39 38
40 39
41 40
42 41
42 33
result
0 0.377 0.475
1 0.439 0.32
2 0.545 0.202
3 0.685 0.325
4 0.503 0.496
5 0.591 0.719
6 0.804 0.684
7 0.684 0.501
8 0.805 0.427
9 0.791 0.271
10 0.908 0.265
11 0.917 0.453
12 0.807 0.516
13 0.919 0.779
14 0.718 0.867
15 0.55 0.823
16 0.479 0.669
17 0.249 0.71
18 0.146 0.512
19 0.195 0.187
20 0.31 0.148
21 0.259 0.307
22 0.302 0.593
23 0.369 0.594
24 0.238 0.792
25 0.389 0.754
26 0.482 0.869
27 0.644 0.933
28 0.398 0.953
29 0.115 0.937
30 0.225 0.861
31 0.076 0.798
32 0.105 0.709
33 0.419 0.2
34 0.55 0.126
35 0.699 0.215
36 0.777 0.21
37 0.923 0.208
38 0.849 0.046
39 0.723 0.159
40 0.525 0.077
41 0.365 0.118
42 0.336 0.265
end level

level 63
width 9
height 11
objects
0 0.667 0.716
1 0.352 0.795
2 0.465 0.229
3 0.612 0.88
4 0.589 0.098
5 0.691 0.371
6 0.315 0.37
7 0.788 0.613
8 0.661 0.25
9 0.901 0.73
10 0.176 0.748
11 0.24 0.634
12 0.477 0.703
13 0.807 0.846
14 0.713 0.44
15 0.755 0.648
16 0.621 0.367
17 0.786 0.475
18 0.148 0.886
19 0.853 0.556
20 0.593 0.642
21 0.625 0.61
22 0.899 0.322
23 0.425 0.338
24 0.446 0.85
25 0.098 0.629
26 0.416 0.11
27 0.52 0.813
28 0.193 0.15
29 0.403 0.468
30 0.435 0.571
31 0.259 0.729
32 0.276 0.493
33 0.584 0.492
34 0.304 0.901
35 0.608 0.323
36 0.314 0.833
37 0.151 0.257
38 0.506 0.551
39 0.313 0.213
links
1 0
2 1
3 2
4 3
5 4
6 5
6 0
7 0
8 7
9 8
11 10
12 11
13 12
14 13
15 14
16 15
16 6
18 17
19 18
20 19
21 20
22 21
22 17
24 23
25 24
26 25
27 26
28 27
29 28
29 23
10 9
30 10
31 30
32 31
32 13
34 33
35 34
36 35
37 36
38 37
39 38
39 33
result
0 0.315 0.37
1 0.151 0.257
2 0.193 0.15
3 0.313 0.213
4 0.416 0.11
5 0.465 0.229
6 0.425 0.338
7 0.276 0.493
8 0.24 0.634
9 0.352 0.795
10 0.612 0.88
11 0.807 0.846
12 0.901 0.73
13 0.755 0.648
14 0.593 0.642
15 0.435 0.571
16 0.403 0.468
17 0.506 0.551
18 0.625 0.61
19 0.788 0.613
20 0.713 0.44
21 0.621 0.367
22 0.584 0.492
23 0.259 0.729
24 0.314 0.833
25 0.446 0.85
26 0.304 0.901
27 0.148 0.886
28 0.098 0.629
29 0.176 0.748
30 0.52 0.813
31 0.477 0.703
32 0.667 0.716
33 0.608 0.323
34 0.691 0.371
35 0.786 0.475
36 0.853 0.556
37 0.899 0.322
38 0.589 0.098
39 0.661 0.25
end level

level 64
width 9
height 11
objects
0 0.763 0.112
1 0.171 0.883
2 0.283 0.21
3 0.547 0.605
4 0.344 0.301
5 0.797 0.387
6 0.759 0.752
7 0.504 0.256
8 0.879 0.886
9 0.856 0.53
10 0.455 0.919
11 0.185 0.764
12 0.801 0.778
13 0.666 0.871
14 0.506 0.473
15 0.357 0.646
16 0.132 0.326
17 0.12 0.81
18 0.241 0.647
19 0.866 0.113
20 0.146 0.682
21 0.69 0.358
22 0.171 0.532
23 0.602 0.943
24 0.647 0.502
25 0.797 0.626
26 0.489 0.056
27 0.43 0.693
28 0.177 0.135
29 0.768 0.695
30 0.356 0.508
links
1 0
2 1
3 2
4 3
5 4
6 5
6 0
9 8
10 9
11 10
12 11
13 12
14 13
15 14
16 15
17 16
7 8
17 7
19 18
20 19
21 20
22 21
23 22
24 23
25 24
26 25
27 26
28 27
29 28
29 18
20 15
13 22
30 3
30 4
result
0 0.241 0.647
1 0.146 0.682
2 0.12 0.81
3 0.171 0.883
4 0.759 0.752
5 0.43 0.693
6 0.185 0.764
7 0.177 0.135
8 0.489 0.056
9 0.69 0.358
10 0.797 0.387
11 0.763 0.112
12 0.866 0.113
13 0.856 0.53
14 0.647 0.502
15 0.506 0.473
16 0.504 0.256
17 0.283 0.21
18 0.132 0.326
19 0.344 0.301
20 0.356 0.508
21 0.547 0.605
22 0.797 0.626
23 0.879 0.886
24 0.602 0.943
25 0.666 0.871
26 0.801 0.778
27 0.768 0.695
28 0.357 0.646
29 0.171 0.532
30 0.455 0.919
end level

level 65
width 9
height 11
objects
0 0.588 0.914
1 0.386 0.527
2 0.365 0.586
3 0.864 0.253
4 0.522 0.367
5 0.634 0.797
6 0.806 0.138
7 0.479 0.099
8 0.505 0.258
9 0.351 0.085
10 0.15 0.848
11 0.364 0.449
12 0.205 0.366
13 0.126 0.721
14 0.701 0.608
15 0.586 0.273
16 0.28 0.32
17 0.657 0.574
18 0.878 0.529
20 0.326 0.519
21 0.193 0.24
22 0.427 0.44
23 0.278 0.887
24 0.217 0.64
25 0.919 0.784
26 0.422 0.794
27 0.57 0.629
28 0.877 0.663
29 0.665 0.46
30 0.586 0.376
31 0.486 0.901
32 0.063 0.448
33 0.122 0.576
34 0.422 0.395
35 0.356 0.762
36 0.533 0.408
37 0.72 0.554
38 0.678 0.765
39 0.449 0.684
40 0.741 0.335
41 0.457 0.629
42 0.668 0.398
43 0.406 0.667
44 0.922 0.338
45 0.791 0.389
46 0.823 0.863
47 0.721 0.452
48 0.61 0.664
49 0.55 0.681
50 0.936 0.468
51 0.608 0.118
links
1 0
2 1
3 2
4 3
5 4
6 5
6 0
8 7
9 8
10 9
11 10
12 11
13 12
13 7
15 14
16 15
17 16
18 17
21 20
22 21
23 22
24 23
24 20
26 25
27 26
28 27
29 28
30 29
31 30
31 25
34 33
35 34
36 35
37 36
32 33
38 37
38 32
40 39
41 40
42 41
43 42
44 43
44 39
46 45
47 46
48 47
49 48
50 49
50 45
18 51
51 14
result
0 0.427 0.44
1 0.386 0.527
2 0.457 0.629
3 0.57 0.629
4 0.657 0.574
5 0.665 0.46
6 0.533 0.408
7 0.365 0.586
8 0.217 0.64
9 0.126 0.721
10 0.15 0.848
11 0.278 0.887
12 0.356 0.762
13 0.406 0.667
14 0.55 0.681
15 0.449 0.684
16 0.422 0.794
17 0.486 0.901
18 0.588 0.914
20 0.364 0.449
21 0.326 0.519
22 0.122 0.576
23 0.063 0.448
24 0.205 0.366
25 0.422 0.395
26 0.28 0.32
27 0.193 0.24
28 0.351 0.085
29 0.479 0.099
30 0.505 0.258
31 0.522 0.367
32 0.586 0.376
33 0.668 0.398
34 0.741 0.335
35 0.864 0.253
36 0.806 0.138
37 0.608 0.118
38 0.586 0.273
39 0.721 0.452
40 0.72 0.554
41 0.878 0.529
42 0.936 0.468
43 0.922 0.338
44 0.791 0.389
45 0.701 0.608
46 0.61 0.664
47 0.678 0.765
48 0.823 0.863
49 0.919 0.784
50 0.877 0.663
51 0.634 0.797
end level

level 66
width 9
height 11
objects
0 0.537 0.748
1 0.887 0.511
2 0.804 0.248
3 0.437 0.077
4 0.751 0.081
5 0.194 0.748
6 0.43 0.407
7 0.867 0.703
8 0.825 0.666
9 0.55 0.508
10 0.742 0.808
11 0.313 0.315
12 0.517 0.238
13 0.136 0.411
14 0.401 0.883
15 0.751 0.474
16 0.112 0.214
17 0.852 0.922
18 0.29 0.664
19 0.865 0.181
20 0.579 0.321
21 0.186 0.569
22 0.717 0.667
23 0.366 0.593
24 0.799 0.351
25 0.233 0.096
26 0.306 0.435
27 0.564 0.616
links
1 0
2 1
3 2
4 3
5 4
6 5
7 6
8 7
9 8
10 9
11 10
11 0
13 12
14 13
15 14
16 15
17 16
18 17
19 18
20 19
21 20
22 21
23 22
24 23
25 24
25 12
24 18
9 6
26 5
27 26
27 4
result
0 0.43 0.407
1 0.579 0.321
2 0.799 0.351
3 0.887 0.511
4 0.825 0.666
5 0.742 0.808
6 0.401 0.883
7 0.194 0.748
8 0.29 0.664
9 0.537 0.748
10 0.717 0.667
11 0.751 0.474
12 0.55 0.508
13 0.564 0.616
14 0.366 0.593
15 0.186 0.569
16 0.136 0.411
17 0.112 0.214
18 0.233 0.096
19 0.437 0.077
20 0.751 0.081
21 0.865 0.181
22 0.804 0.248
23 0.517 0.238
24 0.313 0.315
25 0.306 0.435
26 0.852 0.922
27 0.867 0.703
end level

level 67
width 9
height 11
objects
0 0.582 0.539
1 0.791 0.799
2 0.239 0.117
3 0.842 0.289
4 0.386 0.505
5 0.647 0.475
6 0.599 0.089
7 0.731 0.56
8 0.418 0.638
9 0.323 0.569
10 0.547 0.355
11 0.332 0.776
12 0.879 0.7
13 0.12 0.163
14 0.139 0.452
15 0.626 0.237
16 0.737 0.258
17 0.157 0.565
18 0.276 0.263
19 0.225 0.694
20 0.425 0.264
21 0.613 0.91
22 0.396 0.382
23 0.604 0.849
24 0.652 0.713
25 0.527 0.287
26 0.543 0.629
27 0.476 0.56
28 0.345 0.316
29 0.874 0.168
30 0.803 0.613
31 0.412 0.888
32 0.151 0.25
33 0.701 0.706
34 0.532 0.485
35 0.833 0.367
36 0.677 0.812
37 0.617 0.397
38 0.728 0.329
39 0.471 0.834
40 0.553 0.757
41 0.821 0.476
42 0.738 0.157
43 0.687 0.191
44 0.495 0.118
45 0.654 0.64
46 0.508 0.196
47 0.265 0.4
48 0.345 0.184
49 0.338 0.636
links
1 0
2 1
3 2
4 3
4 0
6 5
7 6
8 7
9 8
9 5
11 10
12 11
13 12
14 13
14 10
16 15
17 16
18 17
19 18
19 15
21 20
22 21
23 22
24 23
24 20
26 25
27 26
28 27
29 28
30 29
30 25
32 31
33 32
34 33
35 34
35 31
37 36
38 37
39 38
40 39
41 40
41 36
43 42
44 43
45 44
45 42
47 46
48 47
49 48
49 46
result
0 0.239 0.117
1 0.12 0.163
2 0.151 0.25
3 0.276 0.263
4 0.345 0.184
5 0.599 0.089
6 0.495 0.118
7 0.508 0.196
8 0.626 0.237
9 0.687 0.191
10 0.425 0.264
11 0.345 0.316
12 0.396 0.382
13 0.547 0.355
14 0.527 0.287
15 0.265 0.4
16 0.139 0.452
17 0.157 0.565
18 0.323 0.569
19 0.386 0.505
20 0.728 0.329
21 0.617 0.397
22 0.647 0.475
23 0.821 0.476
24 0.833 0.367
25 0.532 0.485
26 0.476 0.56
27 0.543 0.629
28 0.654 0.64
29 0.731 0.56
30 0.582 0.539
31 0.338 0.636
32 0.225 0.694
33 0.332 0.776
34 0.553 0.757
35 0.418 0.638
36 0.652 0.713
37 0.677 0.812
38 0.791 0.799
39 0.879 0.7
40 0.803 0.613
41 0.701 0.706
42 0.471 0.834
43 0.412 0.888
44 0.613 0.91
45 0.604 0.849
46 0.738 0.157
47 0.737 0.258
48 0.842 0.289
49 0.874 0.168
end level

level 68
width 9
height 11
objects
0 0.097 0.832
1 0.478 0.929
2 0.419 0.369
3 0.435 0.967
4 0.184 0.125
5 0.613 0.916
6 0.195 0.841
7 0.18 0.638
8 0.897 0.205
9 0.466 0.21
10 0.078 0.667
11 0.625 0.105
12 0.921 0.428
13 0.842 0.654
14 0.308 0.453
15 0.422 0.843
16 0.121 0.529
17 0.19 0.911
18 0.147 0.453
19 0.764 0.364
20 0.155 0.292
21 0.732 0.905
22 0.901 0.032
23 0.564 0.462
24 0.479 0.769
25 0.726 0.545
26 0.836 0.277
27 0.809 0.738
28 0.862 0.504
29 0.3 0.316
30 0.746 0.076
31 0.835 0.4
32 0.791 0.571
33 0.718 0.737
34 0.738 0.151
35 0.311 0.822
36 0.163 0.737
37 0.873 0.068
links
1 0
2 1
3 2
4 3
5 4
6 5
7 6
8 7
9 8
10 9
11 10
12 11
13 12
14 13
15 14
16 15
17 16
18 17
18 0
20 19
21 20
22 21
23 22
24 23
25 24
26 25
27 26
28 27
29 28
30 29
31 30
32 31
33 32
34 33
35 34
36 35
37 36
37 19
result
0 0.18 0.638
1 0.738 0.151
2 0.195 0.841
3 0.764 0.364
4 0.479 0.769
5 0.791 0.571
6 0.478 0.929
7 0.809 0.738
8 0.732 0.905
9 0.613 0.916
10 0.435 0.967
11 0.422 0.843
12 0.311 0.822
13 0.19 0.911
14 0.097 0.832
15 0.163 0.737
16 0.078 0.667
17 0.121 0.529
18 0.308 0.453
19 0.147 0.453
20 0.419 0.369
21 0.746 0.076
22 0.873 0.068
23 0.564 0.462
24 0.836 0.277
25 0.726 0.545
26 0.862 0.504
27 0.718 0.737
28 0.842 0.654
29 0.921 0.428
30 0.835 0.4
31 0.897 0.205
32 0.901 0.032
33 0.625 0.105
34 0.184 0.125
35 0.466 0.21
36 0.155 0.292
37 0.3 0.316
end level

level 69
width 9
height 11
objects
0 0.277 0.899
1 0.859 0.748
2 0.452 0.62
3 0.586 0.669
4 0.482 0.477
5 0.737 0.802
6 0.813 0.678
7 0.513 0.23
8 0.43 0.418
9 0.283 0.792
10 0.687 0.156
11 0.225 0.546
12 0.287 0.627
13 0.282 0.073
14 0.14 0.224
15 0.604 0.14
16 0.834 0.804
17 0.254 0.399
18 0.501 0.799
19 0.759 0.645
20 0.196 0.082
21 0.684 0.71
22 0.199 0.484
23 0.518 0.566
24 0.772 0.877
25 0.34 0.413
26 0.435 0.922
27 0.727 0.332
28 0.332 0.156
29 0.686 0.926
links
1 0
2 1
3 2
4 3
5 4
6 5
7 6
8 7
9 8
10 9
11 10
12 11
13 12
14 13
15 14
16 15
16 0
17 13
18 17
19 18
20 19
21 20
22 21
23 22
24 23
24 14
25 18
26 25
27 26
28 27
28 19
29 22
29 17
result
0 0.254 0.399
1 0.14 0.224
2 0.196 0.082
3 0.282 0.073
4 0.332 0.156
5 0.34 0.413
6 0.43 0.418
7 0.513 0.23
8 0.604 0.14
9 0.687 0.156
10 0.727 0.332
11 0.482 0.477
12 0.518 0.566
13 0.452 0.62
14 0.287 0.627
15 0.225 0.546
16 0.199 0.484
17 0.586 0.669
18 0.684 0.71
19 0.737 0.802
20 0.772 0.877
21 0.686 0.926
22 0.435 0.922
23 0.277 0.899
24 0.283 0.792
25 0.759 0.645
26 0.813 0.678
27 0.859 0.748
28 0.834 0.804
29 0.501 0.799
end level

level 70
width 9
height 11
objects
0 0.59 0.669
1 0.492 0.343
2 0.382 0.402
3 0.421 0.513
4 0.597 0.416
5 0.712 0.418
6 0.634 0.107
7 0.869 0.731
8 0.358 0.607
9 0.579 0.559
10 0.199 0.892
11 0.321 0.433
12 0.521 0.708
13 0.453 0.484
14 0.553 0.88
15 0.323 0.53
16 0.521 0.477
17 0.712 0.524
18 0.416 0.353
19 0.437 0.554
20 0.556 0.357
21 0.832 0.239
22 0.583 0.51
23 0.48 0.583
24 0.9 0.523
26 0.116 0.329
27 0.307 0.577
28 0.451 0.668
29 0.099 0.593
30 0.491 0.431
31 0.319 0.147
32 0.675 0.643
33 0.369 0.706
25 0.671 0.585
34 0.706 0.488
35 0.525 0.589
links
1 0
2 1
3 2
4 3
5 4
6 5
7 6
8 7
9 8
12 11
13 12
14 13
15 14
16 15
17 16
17 0
19 18
20 19
21 20
22 21
23 22
24 23
27 26
28 27
29 28
10 9
30 29
31 30
10 11
32 31
33 32
33 18
25 24
34 25
35 34
35 26
result
0 0.597 0.416
1 0.832 0.239
2 0.706 0.488
3 0.9 0.523
4 0.671 0.585
5 0.869 0.731
6 0.59 0.669
7 0.553 0.88
8 0.451 0.668
9 0.199 0.892
10 0.358 0.607
11 0.099 0.593
12 0.323 0.53
13 0.116 0.329
14 0.382 0.402
15 0.319 0.147
16 0.492 0.343
17 0.634 0.107
18 0.321 0.433
19 0.453 0.484
20 0.416 0.353
21 0.491 0.431
22 0.556 0.357
23 0.521 0.477
24 0.712 0.418
26 0.675 0.643
27 0.525 0.589
28 0.521 0.708
29 0.48 0.583
30 0.369 0.706
31 0.437 0.554
32 0.307 0.577
33 0.421 0.513
25 0.583 0.51
34 0.712 0.524
35 0.579 0.559
end level

level 71
width 9
height 11
objects
0 0.535 0.236
1 0.277 0.377
2 0.687 0.699
3 0.452 0.321
4 0.186 0.459
5 0.654 0.061
6 0.297 0.744
7 0.267 0.788
8 0.227 0.071
9 0.623 0.493
10 0.527 0.128
11 0.629 0.237
12 0.61 0.644
13 0.151 0.927
14 0.152 0.656
15 0.747 0.157
16 0.698 0.412
17 0.455 0.887
18 0.84 0.92
19 0.483 0.652
20 0.261 0.585
21 0.658 0.865
22 0.848 0.288
23 0.457 0.465
24 0.171 0.09
25 0.54 0.374
26 0.538 0.938
27 0.678 0.31
28 0.371 0.1
29 0.838 0.496
30 0.477 0.78
31 0.195 0.297
32 0.664 0.922
33 0.755 0.587
34 0.357 0.275
35 0.281 0.209
36 0.327 0.899
37 0.468 0.105
38 0.323 0.42
39 0.166 0.761
40 0.379 0.612
links
1 0
2 1
3 2
4 3
5 4
6 5
7 6
8 7
9 8
10 9
11 10
11 0
13 12
14 13
15 14
16 15
17 16
18 17
19 18
20 19
21 20
22 21
23 22
24 23
25 24
25 12
27 26
28 27
29 28
30 29
31 30
32 31
32 26
34 33
35 34
36 35
37 36
38 37
39 38
40 39
40 33
4 8
3 10
22 14
40 37
30 27
result
0 0.654 0.061
1 0.535 0.236
2 0.629 0.237
3 0.54 0.374
4 0.698 0.412
5 0.61 0.644
6 0.755 0.587
7 0.84 0.92
8 0.838 0.496
9 0.848 0.288
10 0.678 0.31
11 0.747 0.157
12 0.527 0.128
13 0.452 0.321
14 0.457 0.465
15 0.623 0.493
16 0.483 0.652
17 0.687 0.699
18 0.658 0.865
19 0.477 0.78
20 0.152 0.656
21 0.379 0.612
22 0.323 0.42
23 0.357 0.275
24 0.371 0.1
25 0.468 0.105
26 0.227 0.071
27 0.281 0.209
28 0.277 0.377
29 0.261 0.585
30 0.186 0.459
31 0.195 0.297
32 0.171 0.09
33 0.297 0.744
34 0.664 0.922
35 0.538 0.938
36 0.455 0.887
37 0.327 0.899
38 0.151 0.927
39 0.166 0.761
40 0.267 0.788
end level

level 72
width 9
height 11
objects
0 0.494 0.383
1 0.461 0.317
2 0.65 0.685
3 0.856 0.243
4 0.216 0.605
5 0.403 0.218
6 0.275 0.167
7 0.911 0.393
8 0.826 0.537
9 0.375 0.579
10 0.75 0.184
11 0.524 0.32
12 0.615 0.212
13 0.485 0.832
14 0.618 0.471
15 0.102 0.253
16 0.088 0.466
links
1 0
2 1
3 2
4 3
5 4
6 5
7 6
8 7
9 8
10 9
11 10
12 11
13 12
14 13
14 0
11 15
7 15
16 15
16 5
16 1
14 15
result
0 0.524 0.32
1 0.615 0.212
2 0.75 0.184
3 0.856 0.243
4 0.911 0.393
5 0.826 0.537
6 0.65 0.685
7 0.485 0.832
8 0.216 0.605
9 0.088 0.466
10 0.102 0.253
11 0.275 0.167
12 0.403 0.218
13 0.461 0.317
14 0.494 0.383
15 0.375 0.579
16 0.618 0.471
end level

level 73
width 9
height 11
objects
0 0.357 0.791
1 0.209 0.901
2 0.854 0.383
3 0.477 0.745
4 0.533 0.364
5 0.433 0.572
6 0.344 0.464
7 0.567 0.738
8 0.716 0.44
9 0.591 0.247
10 0.518 0.151
11 0.38 0.717
12 0.164 0.43
13 0.409 0.327
14 0.572 0.877
15 0.708 0.183
16 0.506 0.821
17 0.331 0.291
18 0.355 0.148
19 0.471 0.486
20 0.24 0.821
21 0.511 0.436
22 0.391 0.382
23 0.748 0.547
24 0.791 0.755
25 0.599 0.913
26 0.692 0.888
27 0.699 0.834
28 0.664 0.714
29 0.222 0.23
30 0.686 0.321
31 0.293 0.332
32 0.816 0.484
33 0.257 0.743
34 0.253 0.579
35 0.745 0.843
36 0.498 0.086
37 0.497 0.597
38 0.113 0.741
39 0.269 0.855
40 0.743 0.725
41 0.19 0.337
42 0.147 0.598
43 0.803 0.888
44 0.774 0.375
45 0.635 0.79
46 0.39 0.508
47 0.344 0.588
48 0.18 0.7
49 0.642 0.529
50 0.886 0.516
51 0.404 0.887
52 0.859 0.769
53 0.569 0.562
links
1 0
2 1
3 2
4 3
5 4
6 5
7 6
8 7
9 8
10 9
11 10
12 11
13 12
14 13
15 14
16 15
17 16
18 17
19 18
20 19
21 20
22 21
23 22
24 23
25 24
26 25
27 26
28 27
29 28
30 29
31 30
32 31
33 32
34 33
35 34
36 35
37 36
38 37
39 38
40 39
41 40
42 41
43 42
44 43
45 44
46 45
47 46
47 0
49 48
50 49
51 50
52 51
53 52
53 48
result
0 0.471 0.486
1 0.391 0.382
2 0.331 0.291
3 0.355 0.148
4 0.498 0.086
5 0.518 0.151
6 0.409 0.327
7 0.511 0.436
8 0.569 0.562
9 0.567 0.738
10 0.506 0.821
11 0.572 0.877
12 0.635 0.79
13 0.664 0.714
14 0.642 0.529
15 0.533 0.364
16 0.591 0.247
17 0.708 0.183
18 0.686 0.321
19 0.716 0.44
20 0.748 0.547
21 0.743 0.725
22 0.699 0.834
23 0.745 0.843
24 0.791 0.755
25 0.816 0.484
26 0.774 0.375
27 0.854 0.383
28 0.886 0.516
29 0.859 0.769
30 0.803 0.888
31 0.692 0.888
32 0.599 0.913
33 0.404 0.887
34 0.477 0.745
35 0.497 0.597
36 0.433 0.572
37 0.38 0.717
38 0.357 0.791
39 0.269 0.855
40 0.24 0.821
41 0.257 0.743
42 0.344 0.588
43 0.19 0.337
44 0.222 0.23
45 0.293 0.332
46 0.344 0.464
47 0.39 0.508
48 0.164 0.43
49 0.253 0.579
50 0.18 0.7
51 0.209 0.901
52 0.113 0.741
53 0.147 0.598
end level

level 74
width 9
height 11
objects
0 0.326 0.401
1 0.829 0.219
2 0.74 0.7
3 0.883 0.473
4 0.152 0.769
5 0.198 0.341
6 0.787 0.842
7 0.403 0.797
8 0.332 0.137
9 0.297 0.476
10 0.218 0.467
11 0.796 0.4
12 0.149 0.568
13 0.565 0.655
14 0.489 0.245
15 0.35 0.662
16 0.203 0.204
17 0.394 0.899
18 0.623 0.805
19 0.246 0.867
20 0.116 0.669
21 0.259 0.759
22 0.283 0.708
23 0.774 0.779
24 0.492 0.592
25 0.403 0.492
26 0.477 0.759
27 0.697 0.901
28 0.481 0.356
29 0.755 0.267
30 0.635 0.488
31 0.691 0.553
32 0.678 0.106
33 0.668 0.213
34 0.486 0.098
35 0.643 0.304
links
1 0
2 1
3 2
4 3
5 4
6 5
7 6
8 7
9 8
10 9
11 10
12 11
13 12
14 13
15 14
16 15
16 0
18 17
19 18
20 19
21 20
22 21
23 22
24 23
25 24
26 25
26 17
28 27
29 28
30 29
31 30
32 31
33 32
34 33
35 34
35 27
11 26
30 21
9 5
24 22
2 4
28 33
result
0 0.332 0.137
1 0.203 0.204
2 0.198 0.341
3 0.218 0.467
4 0.326 0.401
5 0.489 0.245
6 0.668 0.213
7 0.755 0.267
8 0.643 0.304
9 0.481 0.356
10 0.403 0.492
11 0.492 0.592
12 0.635 0.488
13 0.796 0.4
14 0.829 0.219
15 0.678 0.106
16 0.486 0.098
17 0.297 0.476
18 0.149 0.568
19 0.116 0.669
20 0.283 0.708
21 0.477 0.759
22 0.74 0.7
23 0.883 0.473
24 0.691 0.553
25 0.565 0.655
26 0.35 0.662
27 0.259 0.759
28 0.403 0.797
29 0.623 0.805
30 0.774 0.779
31 0.787 0.842
32 0.697 0.901
33 0.394 0.899
34 0.246 0.867
35 0.152 0.769
end level

level 75
width 9
height 11
objects
0 0.791 0.485
1 0.218 0.591
2 0.667 0.877
3 0.523 0.584
4 0.358 0.701
5 0.163 0.325
6 0.589 0.809
7 0.242 0.156
8 0.472 0.101
9 0.768 0.089
10 0.23 0.338
11 0.533 0.258
12 0.398 0.776
13 0.651 0.922
14 0.364 0.406
15 0.74 0.14
16 0.68 0.54
17 0.518 0.695
18 0.69 0.618
19 0.65 0.786
20 0.283 0.423
21 0.593 0.888
22 0.77 0.354
23 0.441 0.472
24 0.582 0.626
25 0.289 0.622
26 0.252 0.516
27 0.45 0.739
28 0.397 0.904
29 0.481 0.904
30 0.486 0.043
31 0.519 0.776
32 0.374 0.308
33 0.5 0.956
34 0.283 0.704
35 0.188 0.108
36 0.548 0.39
37 0.836 0.201
38 0.43 0.826
39 0.566 0.727
40 0.313 0.509
links
1 0
2 1
3 2
4 3
5 4
6 5
7 6
8 7
9 8
10 9
11 10
12 11
13 12
14 13
15 14
16 15
17 16
17 0
19 18
20 19
21 20
22 21
22 18
24 23
25 24
26 25
27 26
28 27
29 28
30 29
31 30
32 31
33 32
34 33
35 34
36 35
37 36
38 37
39 38
40 39
40 23
result
0 0.23 0.338
1 0.283 0.423
2 0.364 0.406
3 0.374 0.308
4 0.533 0.258
5 0.548 0.39
6 0.441 0.472
7 0.313 0.509
8 0.289 0.622
9 0.358 0.701
10 0.45 0.739
11 0.518 0.695
12 0.523 0.584
13 0.68 0.54
14 0.77 0.354
15 0.74 0.14
16 0.472 0.101
17 0.242 0.156
18 0.519 0.776
19 0.43 0.826
20 0.481 0.904
21 0.593 0.888
22 0.589 0.809
23 0.582 0.626
24 0.566 0.727
25 0.65 0.786
26 0.667 0.877
27 0.651 0.922
28 0.5 0.956
29 0.397 0.904
30 0.398 0.776
31 0.283 0.704
32 0.218 0.591
33 0.252 0.516
34 0.163 0.325
35 0.188 0.108
36 0.486 0.043
37 0.768 0.089
38 0.836 0.201
39 0.791 0.485
40 0.69 0.618
end level

level 76
width 9
height 11
objects
0 0.385 0.904
1 0.636 0.14
2 0.569 0.743
3 0.097 0.585
4 0.471 0.729
5 0.636 0.917
6 0.244 0.48
7 0.674 0.214
8 0.392 0.111
9 0.734 0.082
10 0.364 0.385
11 0.125 0.809
12 0.747 0.332
13 0.712 0.138
14 0.441 0.629
15 0.903 0.755
16 0.87 0.199
17 0.865 0.282
18 0.335 0.716
19 0.918 0.197
20 0.648 0.25
21 0.787 0.287
22 0.081 0.667
23 0.374 0.594
24 0.807 0.118
25 0.856 0.656
26 0.54 0.469
links
2 1
3 2
4 3
4 0
5 0
6 5
7 6
8 7
9 8
10 9
10 4
11 2
11 3
12 2
1 13
0 13
13 12
14 3
14 2
14 11
15 13
15 1
0 7
7 10
10 8
6 0
17 16
18 17
19 18
19 16
21 20
22 21
23 22
24 23
25 24
26 25
26 20
result
0 0.335 0.716
1 0.364 0.385
2 0.392 0.111
3 0.441 0.629
4 0.471 0.729
5 0.081 0.667
6 0.125 0.809
7 0.385 0.904
8 0.636 0.917
9 0.903 0.755
10 0.569 0.743
11 0.856 0.656
12 0.097 0.585
13 0.374 0.594
14 0.54 0.469
15 0.244 0.48
16 0.712 0.138
17 0.674 0.214
18 0.787 0.287
19 0.87 0.199
20 0.807 0.118
21 0.918 0.197
22 0.865 0.282
23 0.747 0.332
24 0.648 0.25
25 0.636 0.14
26 0.734 0.082
end level

level 77
width 9
height 11
objects
0 0.806 0.698
1 0.921 0.485
2 0.569 0.362
3 0.35 0.458
4 0.84 0.813
5 0.393 0.061
6 0.424 0.201
7 0.77 0.112
8 0.051 0.553
9 0.113 0.261
10 0.362 0.275
11 0.835 0.499
12 0.942 0.567
13 0.169 0.822
14 0.948 0.396
15 0.592 0.586
16 0.115 0.401
17 0.375 0.718
18 0.64 0.707
19 0.736 0.37
20 0.628 0.133
21 0.157 0.52
22 0.511 0.938
23 0.403 0.823
24 0.653 0.635
25 0.738 0.273
26 0.258 0.187
27 0.713 0.779
28 0.272 0.562
29 0.796 0.224
30 0.13 0.681
31 0.201 0.338
links
1 0
2 1
3 2
4 3
5 4
6 5
6 0
8 7
9 8
10 9
10 7
12 11
13 12
13 11
15 14
16 15
17 16
18 17
19 18
20 19
21 20
22 21
22 14
24 23
25 24
26 25
27 26
28 27
29 28
30 29
31 30
31 23
result
0 0.424 0.201
1 0.201 0.338
2 0.157 0.52
3 0.375 0.718
4 0.64 0.707
5 0.835 0.499
6 0.738 0.273
7 0.362 0.275
8 0.272 0.562
9 0.653 0.635
10 0.736 0.37
11 0.569 0.362
12 0.35 0.458
13 0.592 0.586
14 0.628 0.133
15 0.258 0.187
16 0.115 0.401
17 0.13 0.681
18 0.403 0.823
19 0.713 0.779
20 0.806 0.698
21 0.921 0.485
22 0.796 0.224
23 0.393 0.061
24 0.113 0.261
25 0.051 0.553
26 0.169 0.822
27 0.511 0.938
28 0.84 0.813
29 0.942 0.567
30 0.948 0.396
31 0.77 0.112
end level

level 78
width 9
height 11
objects
0 0.702 0.575
1 0.879 0.438
2 0.784 0.588
3 0.139 0.124
4 0.116 0.387
5 0.304 0.5
6 0.498 0.36
7 0.369 0.366
8 0.175 0.888
9 0.249 0.312
10 0.287 0.533
11 0.401 0.781
12 0.692 0.521
13 0.777 0.525
14 0.535 0.606
15 0.743 0.764
16 0.52 0.46
17 0.334 0.712
18 0.233 0.742
19 0.178 0.485
20 0.152 0.266
21 0.507 0.72
22 0.774 0.442
23 0.179 0.566
24 0.44 0.53
25 0.726 0.649
26 0.854 0.284
27 0.259 0.239
28 0.675 0.348
29 0.27 0.61
30 0.512 0.551
31 0.415 0.267
32 0.442 0.693
33 0.577 0.373
34 0.479 0.605
35 0.883 0.097
36 0.586 0.787
37 0.762 0.241
38 0.594 0.267
39 0.12 0.684
40 0.72 0.491
41 0.334 0.561
42 0.242 0.43
43 0.446 0.39
44 0.569 0.501
45 0.825 0.677
46 0.65 0.744
47 0.777 0.311
48 0.548 0.685
49 0.801 0.902
links
1 0
2 1
3 2
4 3
5 4
6 5
7 6
8 7
9 8
10 9
11 10
12 11
13 12
14 13
15 14
16 15
17 16
18 17
19 18
20 19
21 20
22 21
23 22
24 23
25 24
25 0
27 26
28 27
29 28
30 29
31 30
32 31
33 32
34 33
35 34
36 35
37 36
38 37
39 38
40 39
41 40
42 41
43 42
45 44
46 45
47 46
44 48
43 48
47 49
26 49
result
0 0.52 0.46
1 0.577 0.373
2 0.675 0.348
3 0.777 0.311
4 0.774 0.442
5 0.72 0.491
6 0.569 0.501
7 0.702 0.575
8 0.726 0.649
9 0.743 0.764
10 0.65 0.744
11 0.548 0.685
12 0.535 0.606
13 0.512 0.551
14 0.479 0.605
15 0.442 0.693
16 0.334 0.712
17 0.233 0.742
18 0.27 0.61
19 0.334 0.561
20 0.44 0.53
21 0.304 0.5
22 0.242 0.43
23 0.249 0.312
24 0.369 0.366
25 0.446 0.39
26 0.498 0.36
27 0.594 0.267
28 0.762 0.241
29 0.883 0.097
30 0.854 0.284
31 0.879 0.438
32 0.777 0.525
33 0.692 0.521
34 0.784 0.588
35 0.825 0.677
36 0.801 0.902
37 0.586 0.787
38 0.507 0.72
39 0.401 0.781
40 0.175 0.888
41 0.12 0.684
42 0.179 0.566
43 0.287 0.533
44 0.116 0.387
45 0.152 0.266
46 0.139 0.124
47 0.259 0.239
48 0.178 0.485
49 0.415 0.267
end level

level 79
width 9
height 11
objects
0 0.258 0.107
1 0.704 0.343
2 0.242 0.569
3 0.424 0.391
4 0.183 0.601
5 0.687 0.276
6 0.659 0.739
7 0.115 0.893
8 0.545 0.52
9 0.635 0.563
10 0.887 0.158
11 0.715 0.742
12 0.383 0.273
13 0.305 0.531
14 0.786 0.876
15 0.365 0.185
16 0.913 0.274
17 0.833 0.149
18 0.086 0.826
19 0.198 0.106
20 0.317 0.207
21 0.194 0.663
22 0.716 0.882
23 0.796 0.82
links
3 4
1 5
0 5
2 6
1 6
2 7
5 6
6 7
4 5
0 3
4 7
10 9
11 10
12 11
12 9
14 13
15 14
15 13
16 8
17 16
17 8
19 18
20 19
20 18
22 21
23 22
23 21
result
0 0.086 0.826
1 0.786 0.876
2 0.887 0.158
3 0.198 0.106
4 0.317 0.207
5 0.183 0.601
6 0.659 0.739
7 0.704 0.343
8 0.242 0.569
9 0.365 0.185
10 0.687 0.276
11 0.833 0.149
12 0.258 0.107
13 0.194 0.663
14 0.115 0.893
15 0.716 0.882
16 0.635 0.563
17 0.383 0.273
18 0.424 0.391
19 0.305 0.531
20 0.545 0.52
21 0.715 0.742
22 0.796 0.82
23 0.913 0.274
end level

level 80
width 9
height 11
objects
0 0.121 0.254
1 0.262 0.463
2 0.898 0.485
3 0.355 0.379
4 0.677 0.128
5 0.696 0.692
6 0.634 0.299
7 0.433 0.891
8 0.39 0.108
9 0.186 0.866
10 0.281 0.693
11 0.474 0.323
12 0.29 0.595
13 0.727 0.51
14 0.088 0.437
15 0.673 0.843
16 0.132 0.671
17 0.624 0.755
18 0.678 0.379
19 0.911 0.722
20 0.482 0.753
21 0.81 0.332
links
1 0
2 1
3 2
4 3
5 4
6 5
7 6
8 7
9 8
10 9
11 10
12 11
13 12
14 13
15 14
16 15
17 16
18 17
19 18
20 19
21 20
21 0
16 6
6 12
20 4
16 20
result
0 0.474 0.323
1 0.677 0.128
2 0.634 0.299
3 0.81 0.332
4 0.678 0.379
5 0.898 0.485
6 0.727 0.51
7 0.911 0.722
8 0.696 0.692
9 0.673 0.843
10 0.624 0.755
11 0.433 0.891
12 0.482 0.753
13 0.186 0.866
14 0.281 0.693
15 0.132 0.671
16 0.29 0.595
17 0.088 0.437
18 0.262 0.463
19 0.121 0.254
20 0.355 0.379
21 0.39 0.108
end level

level 81
width 9
height 11
objects
0 0.703 0.907
1 0.264 0.273
2 0.618 0.855
3 0.26 0.469
4 0.875 0.897
5 0.527 0.816
6 0.75 0.817
7 0.76 0.389
8 0.836 0.854
9 0.539 0.147
10 0.444 0.854
11 0.169 0.912
12 0.579 0.427
13 0.705 0.09
14 0.758 0.262
15 0.124 0.244
16 0.255 0.913
17 0.583 0.817
18 0.875 0.087
19 0.275 0.095
20 0.179 0.511
21 0.401 0.088
22 0.758 0.714
23 0.74 0.09
24 0.835 0.742
25 0.618 0.138
26 0.837 0.311
27 0.467 0.092
28 0.384 0.858
29 0.315 0.086
30 0.831 0.189
31 0.75 0.901
32 0.193 0.334
33 0.196 0.191
34 0.222 0.087
35 0.306 0.897
links
1 0
2 1
3 2
4 3
5 4
6 5
7 6
8 7
9 8
10 9
11 10
11 8
11 7
12 0
13 12
13 5
15 14
16 15
17 16
18 17
19 18
20 19
21 20
22 21
23 22
24 23
25 24
25 14
27 26
28 27
29 28
30 29
31 30
32 31
33 32
34 33
35 34
35 26
result
0 0.315 0.086
1 0.306 0.897
2 0.703 0.907
3 0.705 0.09
4 0.467 0.092
5 0.444 0.854
6 0.618 0.855
7 0.618 0.138
8 0.539 0.147
9 0.527 0.816
10 0.583 0.817
11 0.579 0.427
12 0.401 0.088
13 0.384 0.858
14 0.75 0.901
15 0.875 0.897
16 0.875 0.087
17 0.74 0.09
18 0.831 0.189
19 0.758 0.262
20 0.837 0.311
21 0.76 0.389
22 0.758 0.714
23 0.835 0.742
24 0.75 0.817
25 0.836 0.854
26 0.222 0.087
27 0.275 0.095
28 0.196 0.191
29 0.264 0.273
30 0.193 0.334
31 0.26 0.469
32 0.255 0.913
33 0.169 0.912
34 0.179 0.511
35 0.124 0.244
end level

level 82
width 9
height 11
objects
0 0.831 0.579
1 0.703 0.406
2 0.146 0.608
3 0.591 0.554
4 0.537 0.638
5 0.731 0.771
6 0.601 0.1
7 0.806 0.291
8 0.762 0.527
9 0.156 0.846
10 0.554 0.899
11 0.329 0.574
12 0.306 0.32
13 0.623 0.253
14 0.251 0.454
15 0.451 0.435
16 0.489 0.278
17 0.728 0.676
18 0.469 0.525
19 0.853 0.832
20 0.508 0.755
21 0.395 0.147
links
1 0
2 1
3 2
4 3
5 4
6 5
7 6
8 7
9 8
9 7
10 0
11 10
12 11
13 12
14 13
15 14
16 15
17 16
18 17
18 6
18 0
16 12
19 12
20 19
21 20
21 16
result
0 0.451 0.435
1 0.306 0.32
2 0.395 0.147
3 0.601 0.1
4 0.806 0.291
5 0.762 0.527
6 0.591 0.554
7 0.489 0.278
8 0.623 0.253
9 0.703 0.406
10 0.251 0.454
11 0.146 0.608
12 0.156 0.846
13 0.554 0.899
14 0.853 0.832
15 0.831 0.579
16 0.537 0.638
17 0.329 0.574
18 0.469 0.525
19 0.731 0.771
20 0.728 0.676
21 0.508 0.755
end level

level 83
width 9
height 11
objects
0 0.527 0.073
1 0.43 0.317
2 0.681 0.639
3 0.781 0.347
4 0.191 0.621
5 0.753 0.727
6 0.656 0.426
7 0.133 0.351
8 0.528 0.762
9 0.866 0.512
10 0.82 0.842
11 0.441 0.616
12 0.259 0.34
13 0.451 0.435
14 0.661 0.834
15 0.187 0.886
16 0.836 0.67
17 0.681 0.542
18 0.47 0.242
19 0.426 0.71
20 0.255 0.453
21 0.633 0.926
22 0.588 0.302
23 0.505 0.857
links
1 0
2 1
3 2
4 3
5 4
6 5
7 6
8 7
9 8
10 9
11 10
12 11
12 0
13 1
14 13
15 14
16 15
17 16
18 17
19 18
20 19
21 20
21 7
22 0
23 22
23 9
result
0 0.527 0.073
1 0.588 0.302
2 0.43 0.317
3 0.656 0.426
4 0.441 0.616
5 0.753 0.727
6 0.528 0.762
7 0.187 0.886
8 0.426 0.71
9 0.191 0.621
10 0.451 0.435
11 0.259 0.34
12 0.47 0.242
13 0.781 0.347
14 0.681 0.542
15 0.866 0.512
16 0.681 0.639
17 0.836 0.67
18 0.82 0.842
19 0.661 0.834
20 0.633 0.926
21 0.505 0.857
22 0.133 0.351
23 0.255 0.453
end level

level 84
width 9
height 11
objects
0 0.556 0.427
1 0.107 0.524
2 0.699 0.09
3 0.542 0.537
4 0.297 0.378
5 0.76 0.49
6 0.189 0.587
7 0.459 0.866
8 0.36 0.308
9 0.336 0.46
10 0.613 0.589
11 0.371 0.102
12 0.198 0.873
13 0.293 0.548
14 0.655 0.287
15 0.383 0.909
16 0.246 0.79
17 0.335 0.807
18 0.708 0.648
19 0.179 0.482
20 0.496 0.338
21 0.126 0.734
22 0.535 0.182
23 0.332 0.709
24 0.886 0.905
25 0.649 0.412
26 0.518 0.474
27 0.756 0.234
28 0.424 0.784
29 0.848 0.268
30 0.425 0.684
31 0.54 0.817
32 0.852 0.865
33 0.84 0.506
34 0.892 0.648
35 0.87 0.799
36 0.285 0.611
37 0.396 0.209
38 0.448 0.591
39 0.128 0.249
40 0.506 0.273
41 0.77 0.581
links
1 0
2 1
3 2
4 3
5 4
6 5
7 6
8 7
9 8
10 9
11 10
12 11
13 12
14 13
15 14
16 15
17 16
18 17
19 18
20 19
21 20
22 21
23 22
24 23
25 24
26 25
27 26
28 27
28 0
30 29
31 30
32 31
33 32
34 33
35 34
36 35
37 36
38 37
39 38
40 39
40 29
41 40
41 29
11 8
28 17
17 1
result
0 0.36 0.308
1 0.396 0.209
2 0.535 0.182
3 0.756 0.234
4 0.76 0.49
5 0.613 0.589
6 0.425 0.684
7 0.424 0.784
8 0.54 0.817
9 0.87 0.799
10 0.892 0.648
11 0.708 0.648
12 0.77 0.581
13 0.84 0.506
14 0.848 0.268
15 0.699 0.09
16 0.371 0.102
17 0.128 0.249
18 0.179 0.482
19 0.293 0.548
20 0.542 0.537
21 0.649 0.412
22 0.655 0.287
23 0.506 0.273
24 0.496 0.338
25 0.556 0.427
26 0.518 0.474
27 0.336 0.46
28 0.297 0.378
29 0.285 0.611
30 0.448 0.591
31 0.332 0.709
32 0.335 0.807
33 0.459 0.866
34 0.852 0.865
35 0.886 0.905
36 0.383 0.909
37 0.198 0.873
38 0.126 0.734
39 0.107 0.524
40 0.189 0.587
41 0.246 0.79
end level

level 85
width 9
height 11
objects
0 0.638 0.28
1 0.437 0.2
2 0.44 0.603
3 0.155 0.22
4 0.896 0.75
5 0.653 0.601
6 0.103 0.655
7 0.601 0.422
8 0.269 0.548
9 0.567 0.91
10 0.479 0.264
11 0.77 0.5
12 0.629 0.787
13 0.169 0.303
14 0.432 0.466
15 0.889 0.667
16 0.767 0.442
17 0.862 0.349
18 0.384 0.306
19 0.657 0.69
20 0.415 0.347
21 0.17 0.537
22 0.228 0.355
23 0.544 0.297
24 0.331 0.492
25 0.704 0.202
26 0.18 0.8
27 0.484 0.382
28 0.237 0.712
29 0.424 0.914
30 0.473 0.085
31 0.3 0.092
32 0.869 0.439
33 0.741 0.098
34 0.678 0.833
35 0.287 0.655
36 0.73 0.759
37 0.823 0.853
38 0.21 0.447
39 0.405 0.753
40 0.872 0.239
41 0.486 0.721
42 0.747 0.333
links
1 0
2 1
3 2
4 3
5 4
6 5
7 6
8 7
9 8
10 9
11 10
12 11
13 12
14 13
14 0
16 15
17 16
18 17
19 18
20 19
21 20
22 21
23 22
23 15
25 24
26 25
27 26
28 27
29 28
30 29
31 30
32 31
33 32
33 24
35 34
36 35
37 36
38 37
39 38
39 34
41 40
42 41
42 40
result
0 0.155 0.22
1 0.3 0.092
2 0.473 0.085
3 0.741 0.098
4 0.872 0.239
5 0.862 0.349
6 0.767 0.442
7 0.601 0.422
8 0.544 0.297
9 0.638 0.28
10 0.747 0.333
11 0.704 0.202
12 0.437 0.2
13 0.384 0.306
14 0.169 0.303
15 0.479 0.264
16 0.415 0.347
17 0.228 0.355
18 0.21 0.447
19 0.331 0.492
20 0.653 0.601
21 0.77 0.5
22 0.432 0.466
23 0.484 0.382
24 0.869 0.439
25 0.657 0.69
26 0.44 0.603
27 0.269 0.548
28 0.287 0.655
29 0.486 0.721
30 0.567 0.91
31 0.629 0.787
32 0.73 0.759
33 0.889 0.667
34 0.17 0.537
35 0.237 0.712
36 0.405 0.753
37 0.424 0.914
38 0.18 0.8
39 0.103 0.655
40 0.678 0.833
41 0.823 0.853
42 0.896 0.75
end level

level 86
width 9
height 11
objects
0 0.801 0.724
1 0.694 0.552
2 0.595 0.61
3 0.606 0.915
4 0.378 0.646
5 0.614 0.447
6 0.654 0.352
7 0.712 0.861
8 0.867 0.2
9 0.185 0.742
10 0.517 0.303
11 0.173 0.249
12 0.64 0.488
13 0.633 0.212
14 0.82 0.549
15 0.517 0.397
16 0.424 0.908
17 0.881 0.557
18 0.266 0.159
19 0.354 0.791
20 0.384 0.242
21 0.171 0.376
22 0.35 0.493
23 0.747 0.669
24 0.828 0.461
25 0.429 0.493
26 0.264 0.084
27 0.483 0.46
28 0.74 0.368
29 0.243 0.609
30 0.239 0.854
31 0.878 0.3
32 0.826 0.287
33 0.419 0.1
34 0.234 0.529
35 0.655 0.127
36 0.681 0.646
37 0.362 0.331
38 0.549 0.542
39 0.32 0.388
40 0.491 0.741
41 0.766 0.517
42 0.118 0.153
43 0.547 0.824
links
1 0
2 1
3 2
4 3
5 4
6 5
7 6
8 7
9 8
10 9
11 10
12 11
13 12
14 13
15 14
16 15
17 16
18 17
19 18
20 19
21 20
22 21
23 22
24 23
25 24
26 25
27 26
28 27
29 28
30 29
31 30
32 31
33 32
34 33
35 34
36 35
37 36
38 37
39 38
40 39
41 40
42 41
43 42
43 0
result
0 0.483 0.46
1 0.384 0.242
2 0.118 0.153
3 0.173 0.249
4 0.362 0.331
5 0.429 0.493
6 0.549 0.542
7 0.64 0.488
8 0.74 0.368
9 0.826 0.287
10 0.694 0.552
11 0.595 0.61
12 0.35 0.493
13 0.32 0.388
14 0.171 0.376
15 0.234 0.529
16 0.378 0.646
17 0.491 0.741
18 0.681 0.646
19 0.766 0.517
20 0.82 0.549
21 0.747 0.669
22 0.547 0.824
23 0.354 0.791
24 0.243 0.609
25 0.185 0.742
26 0.239 0.854
27 0.424 0.908
28 0.606 0.915
29 0.712 0.861
30 0.801 0.724
31 0.881 0.557
32 0.828 0.461
33 0.878 0.3
34 0.867 0.2
35 0.655 0.127
36 0.419 0.1
37 0.264 0.084
38 0.266 0.159
39 0.633 0.212
40 0.654 0.352
41 0.517 0.303
42 0.517 0.397
43 0.614 0.447
end level

level 87
width 9
height 11
objects
0 0.506 0.738
1 0.586 0.817
2 0.884 0.458
3 0.107 0.082
4 0.892 0.91
5 0.722 0.328
6 0.933 0.729
7 0.581 0.25
8 0.121 0.451
9 0.247 0.833
10 0.891 0.778
11 0.535 0.322
12 0.159 0.778
13 0.279 0.917
14 0.085 0.398
15 0.604 0.513
16 0.21 0.627
17 0.066 0.499
18 0.133 0.173
19 0.494 0.095
20 0.551 0.474
21 0.805 0.836
22 0.164 0.331
23 0.818 0.626
24 0.106 0.893
25 0.616 0.376
26 0.337 0.829
27 0.142 0.276
28 0.772 0.108
links
1 0
2 1
3 2
4 3
5 4
6 5
7 6
8 7
9 8
9 5
10 0
11 10
12 11
12 6
13 0
14 13
15 14
16 15
17 16
18 17
19 18
19 13
14 1
21 20
22 21
23 22
24 23
24 20
26 25
27 26
28 27
28 25
result
0 0.066 0.499
1 0.933 0.729
2 0.21 0.627
3 0.159 0.778
4 0.506 0.738
5 0.891 0.778
6 0.892 0.91
7 0.337 0.829
8 0.586 0.817
9 0.805 0.836
10 0.106 0.893
11 0.247 0.833
12 0.279 0.917
13 0.604 0.513
14 0.818 0.626
15 0.884 0.458
16 0.772 0.108
17 0.142 0.276
18 0.581 0.25
19 0.722 0.328
20 0.164 0.331
21 0.535 0.322
22 0.616 0.376
23 0.551 0.474
24 0.121 0.451
25 0.133 0.173
26 0.494 0.095
27 0.107 0.082
28 0.085 0.398
end level

level 88
width 9
height 11
objects
0 0.577 0.103
1 0.195 0.354
2 0.416 0.103
3 0.074 0.586
4 0.925 0.623
5 0.612 0.392
6 0.77 0.194
7 0.792 0.694
8 0.831 0.896
9 0.384 0.635
10 0.206 0.214
11 0.386 0.38
12 0.61 0.594
13 0.356 0.737
14 0.239 0.866
15 0.672 0.892
16 0.652 0.711
17 0.791 0.531
18 0.681 0.258
19 0.086 0.811
20 0.339 0.276
21 0.884 0.496
22 0.322 0.843
23 0.501 0.89
24 0.7 0.457
25 0.174 0.251
26 0.835 0.351
27 0.231 0.618
28 0.452 0.525
29 0.229 0.752
30 0.464 0.245
31 0.886 0.81
links
1 0
2 1
3 2
4 3
5 4
6 5
7 6
8 7
9 8
10 9
11 10
12 11
13 12
14 13
15 14
16 15
17 16
18 17
19 18
20 19
21 20
22 21
23 22
24 23
25 24
26 25
27 26
28 27
29 28
30 29
31 30
31 0
29 22
22 28
17 24
18 5
7 15
20 3
result
0 0.206 0.214
1 0.416 0.103
2 0.577 0.103
3 0.77 0.194
4 0.835 0.351
5 0.7 0.457
6 0.61 0.594
7 0.652 0.711
8 0.792 0.694
9 0.791 0.531
10 0.884 0.496
11 0.925 0.623
12 0.886 0.81
13 0.831 0.896
14 0.672 0.892
15 0.501 0.89
16 0.356 0.737
17 0.384 0.635
18 0.452 0.525
19 0.612 0.392
20 0.681 0.258
21 0.464 0.245
22 0.386 0.38
23 0.231 0.618
24 0.229 0.752
25 0.322 0.843
26 0.239 0.866
27 0.086 0.811
28 0.074 0.586
29 0.195 0.354
30 0.339 0.276
31 0.174 0.251
end level

level 89
width 9
height 11
objects
0 0.759 0.689
1 0.769 0.364
2 0.699 0.912
3 0.69 0.267
4 0.284 0.907
5 0.652 0.551
6 0.836 0.628
7 0.392 0.676
8 0.656 0.361
9 0.632 0.762
10 0.664 0.67
11 0.444 0.138
12 0.366 0.146
13 0.506 0.576
14 0.484 0.791
15 0.363 0.564
16 0.801 0.918
17 0.289 0.668
18 0.842 0.784
19 0.884 0.087
20 0.701 0.146
21 0.781 0.55
22 0.089 0.899
23 0.268 0.45
24 0.681 0.441
25 0.586 0.915
26 0.909 0.766
27 0.91 0.595
28 0.377 0.322
29 0.734 0.757
30 0.875 0.671
31 0.234 0.081
32 0.568 0.691
33 0.813 0.163
34 0.386 0.232
35 0.459 0.91
36 0.198 0.899
37 0.377 0.801
38 0.288 0.248
39 0.166 0.67
40 0.604 0.239
41 0.549 0.442
42 0.226 0.564
43 0.156 0.579
44 0.364 0.452
45 0.847 0.474
46 0.147 0.78
47 0.481 0.356
48 0.91 0.913
49 0.153 0.445
51 0.094 0.696
50 0.234 0.765
links
1 0
2 1
3 2
4 3
5 4
6 5
7 6
8 7
9 8
10 9
11 10
12 11
13 12
14 13
15 14
16 15
17 16
18 17
19 18
20 19
21 20
22 21
23 22
24 23
25 24
26 25
27 26
28 27
29 28
30 29
31 30
32 31
33 32
33 0
35 34
36 35
37 36
38 37
39 38
40 39
41 40
41 42
34 42
34 4
44 43
45 44
46 45
47 46
48 47
49 48
43 51
25 51
50 51
50 49
14 20
10 24
result
0 0.234 0.081
1 0.366 0.146
2 0.288 0.248
3 0.377 0.322
4 0.268 0.45
5 0.363 0.564
6 0.289 0.668
7 0.377 0.801
8 0.284 0.907
9 0.459 0.91
10 0.484 0.791
11 0.392 0.676
12 0.506 0.576
13 0.364 0.452
14 0.481 0.356
15 0.386 0.232
16 0.444 0.138
17 0.701 0.146
18 0.604 0.239
19 0.656 0.361
20 0.549 0.442
21 0.652 0.551
22 0.568 0.691
23 0.632 0.762
24 0.586 0.915
25 0.699 0.912
26 0.734 0.757
27 0.664 0.67
28 0.781 0.55
29 0.681 0.441
30 0.769 0.364
31 0.69 0.267
32 0.813 0.163
33 0.884 0.087
34 0.153 0.445
35 0.226 0.564
36 0.166 0.67
37 0.234 0.765
38 0.198 0.899
39 0.089 0.899
40 0.147 0.78
41 0.094 0.696
42 0.156 0.579
43 0.91 0.913
44 0.909 0.766
45 0.875 0.671
46 0.91 0.595
47 0.847 0.474
48 0.836 0.628
49 0.759 0.689
51 0.801 0.918
50 0.842 0.784
end level

